4E2B70 1360 488
5DB4B0 29968 6434
1E7C60 1056 816
1D88F0 288 210
1BB848 288 159
3FCA18 1424 447
BEE900 88162 72352
EBF840 108 72
216C88 2320 1570
5DEB38 1936 988
4EC590 400 206
56C558 17296 1852
69FA00 12720 2629
8AE6A8 3176 2203
798F80 1884 257
27ABA0 880 649
535128 2320 875
659418 396 91
391380 1168 918
EBE610 2849 2348
3D8588 3280 2825
C7EFA8 6408 4588
51D5F0 2320 1361
1C4A38 288 257
32DDB0 4624 1970
8C8758 2076 1896
2E8EE0 7792 3394
5D2B40 1040 119
8078B8 836 486
25E968 288 242
1FCD58 1456 935
333248 76816 33780
27F6A0 2352 1066
980AA8 5372 2446
3C6A50 1168 1064
6B07C0 5720 1761
638F48 3956 204
EB3FE0 812 616
E56B40 2232 1025
622700 512 467
E21720 2232 1252
468B00 20752 4846
5DF7D0 1936 1270
5F96F8 880 753
5ECBD0 272 184
1C0438 288 251
2F67C0 912 219
2A9E60 2576 516
74F898 636 271
1C1700 288 237
4EC308 528 119
818658 1176 722
6A0448 2220 404
7C4AC0 3848 1773
99EB10 2424 1866
5EEC28 2064 1208
77E9F0 53964 10641
946CE0 18874 12893
697FD0 14120 3815
659170 2988 206
1CD998 288 247
1C8338 288 246
5DD128 2720 76
550AA8 2736 821
4A61E8 528 221
4DF830 1168 1010
3839A8 1424 743
3FD168 1296 499
5AFF78 176 119
1D3078 288 268
1D6EB0 288 215
D459E0 6192 3079
382DC8 1424 427
AAAB90 4836 4502
211580 400 235
62CF50 18712 2788
59EE30 24592 18463
63C438 5020 1513
A70A98 6712 6217
480530 1600 779
1E6DB0 2064 56
E34C38 4784 2110
EBA3D8 1754 1338
1CF520 288 272
1DF7E8 1808 1177
8CBD38 1868 1469
81A980 6276 4906
1BE028 288 223
1D2248 288 224
E70670 5160 2127
6DFD78 3620 1212
254F80 2320 819
E4CFB8 2360 1152
3FE050 4496 1083
692E50 3620 1212
1D5588 288 236
299DC0 2320 1581
9575F8 1050 629
4E2328 144 134
1C89E0 288 270
4178E8 496 229
73C508 18320 5555
56D0E8 272 118
1CCF68 288 222
5506E0 928 490
6837B0 9220 3832
510D48 1232 1018
1D89C8 288 172
D6DD60 2312 1339
24DD60 2320 266
99A018 3228 2581
78C060 45508 7481
5DF4F8 1936 721
4FABE8 2896 1361
362870 2320 2026
1BE1F8 288 220
328BD8 12688 4100
6A16D0 9920 2052
3307C0 5776 4153
8CF288 224 138
6BE378 2220 499
48CD80 61456 34646
7D6250 64 53
1E2418 2064 939
817938 1516 1197
D50588 16624 6725
1D7390 288 252
3F6918 1360 641
6F4CD8 1520 380
525CF0 256 42
7CE4F0 2248 802
27A348 1168 963
7EC9B8 1900 1826
2BC438 2320 706
D7A880 1944 1284
743508 1264 923
5F4540 880 846
8D5F30 840 564
4CE648 2064 885
2C13A8 16144 7082
1DDB80 528 67
6CBFD8 5020 1270
5321D8 2320 1668
21C150 7504 1986
7D1578 8220 1696
7CC5F0 168 58
600058 880 784
500058 528 287
8169B8 2196 1643
6496C0 11320 3464
5E76C8 2064 1439
733DB8 9220 2561
663728 1000 193
31F9B8 12176 2882
7D4CE8 3120 705
638CC8 4440 638
E84318 14664 6545
EBF940 165 97
2BAC48 320 88
B6B5C0 22506 20032
1CDD18 288 269
D44B80 3716 2964
784110 49624 10364
3A8E28 3344 1446
4FE4A8 6784 3700
7CC560 168 74
376560 6928 5714
4CEE50 76816 26237
4F45D0 3264 1072
5E0C28 1936 906
8033D8 6976 3935
D6C3E0 4992 2176
1C3518 288 247
79AF60 16640 5062
2B9FD8 144 102
A83920 3764 3180
6FD520 6420 1606
5ECC88 272 182
2E46A8 8656 4571
207BC0 5200 3162
5FFD48 880 781
1C8628 288 265
2737E0 21328 9157
554FF0 3024 473
652C00 1520 366
A84590 4032 3461
8073A8 1176 645
707ED0 10620 2885
7BC480 148 105
6286F8 6052 845
62DA38 6052 923
2AB378 2320 529
6C4E60 9220 3567
2BABE0 176 97
E4D8B0 2232 1848
22EAF8 14096 6157
80EF80 4236 3368
1D5F98 288 263
4899F8 1952 1371
605060 528 451
32C448 2320 708
485078 1424 684
2E2508 1552 647
2636B8 1168 988
1C6080 288 230
32C710 2320 653
EB9D38 323 133
68CE58 6420 1375
2AE898 20752 6798
558B70 1296 674
5AA538 2064 1167
3B0660 3376 1201
8AF160 1888 944
1C65C8 288 265
600368 208 110
EBD480 499 372
E56948 1496 503
1E6E20 2064 56
20AF50 13568 7228
635CF0 3128 292
67BAB0 5020 1586
7C1610 1804 818
243928 2320 1462
1C3270 288 175
77B0B0 22424 5220
56D160 496 297
7044C8 19720 5440
1C8820 288 211
204700 656 547
1D1898 288 149
979920 1884 1145
74FDE0 2820 806
EA1C88 949 876
663A28 376 137
248050 2320 1393
6A8258 5720 606
1C0768 288 76
5582B0 2576 1567
1D4338 288 200
2C6708 31120 7109
394560 400 230
6FE1B8 19020 5226
76D780 27056 6546
79E390 29660 7082
AD6C68 28158 21618
D7CFE0 14072 1525
8E0040 2316 1910
EBB4A0 953 785
27C190 976 737
E22738 1784 797
A6CDD0 6980 6706
E44B38 6944 3842
488730 720 566
D6A658 3128 1604
1DF510 1296 722
4B2948 160 132
43A5F8 20752 12253
8DE9E0 776 345
1BDF68 288 190
5D5778 1040 337
D6CC60 5536 4351
1C5F80 288 254
74A6D8 2460 98
54E318 4720 1761
497B78 1376 571
396E30 2320 771
D6E428 1208 671
485BA8 896 732
25F5B0 1168 601
EBFE98 114 108
1DD698 144 42
1C7D58 288 235
EC03E0 237 116
64DC00 2220 486
9ABF80 1352 1303
225338 10960 3470
2469B0 2320 1364
1C9C58 288 266
6B2A98 4320 999
637B70 3988 135
766798 15772 2979
6265D8 17024 1384
5F2F30 160 54
1D2050 288 218
1D17B0 288 227
EBCDB8 457 143
365EB8 400 248
1C3F18 288 273
24B098 2320 778
383150 1424 566
8CF5C0 480 229
BA37B0 76958 60108
D5C888 15912 6744
657700 11216 202
5AF060 2320 1102
4DC6E0 3184 793
90D518 3228 2838
7A2670 26188 4616
56DDD8 528 105
5FEF18 880 760
4DEB08 2576 282
7504F8 22716 4283
7EB478 3540 1884
A5C128 816 555
D95248 2984 1675
1CCDD8 288 204
99B870 3228 2724
550508 928 469
7BF1E8 2440 1026
31F488 1936 662
659D50 520 134
E28CD8 2896 2248
7914E8 14036 3984
585860 7504 1770
56E868 144 133
6F5150 7120 2702
7E55C8 12298 7877
1CD048 288 215
3987C0 2320 777
60D4B8 508 455
427000 656 139
5F8E70 880 711
669AB8 22520 1524
6F35E0 3800 1691
658AA0 3956 179
D235F8 4780 3409
397DF8 2320 942
6DD5E8 3620 1546
5720A8 9808 6858
7C1948 1512 127
638808 5100 197
24F018 528 189
4A3660 912 457
2FD540 1936 1025
48B798 2064 988
4B2080 2032 100
1CC170 288 202
C87B98 3556 3302
2E13A8 1808 895
6B4438 18320 4584
204F18 656 503
A737B0 2424 576
E57528 2448 742
5DACD0 176 139
53E620 4624 1024
56E3E0 256 106
21B158 7504 2023
89DE10 4444 3297
634518 7924 738
657538 1536 106
D2F3F0 3774 3468
7E4018 7500 5550
3B55E8 59920 19717
5FB2C8 880 596
61B948 512 125
2601C8 1168 733
227C20 7504 1369
9A9E60 1744 997
81F178 1690 955
1BDB40 288 237
3620D0 2320 1947
5EAA38 1040 743
5E8208 2064 1426
EA3710 249 247
5F9F38 880 743
D9ABE0 2600 1393
7B98D0 64 37
1BEA10 288 199
D82E18 28296 13239
507420 19984 1446
6F6D80 3620 619
EBF9F8 99 57
23BA90 784 448
6A5560 13420 3575
89C848 3804 3183
E9F558 4409 2604
51EAB8 2320 964
3E6938 9232 3037
8CF460 672 351
D0C160 7724 3636
395E50 2320 830
D46ED0 25664 12485
3AF008 1552 612
66F1B0 5020 1514
383C90 20752 4292
254998 2320 754
D663E8 1584 697
5F9CA8 880 654
5ED928 2064 1417
2F36B0 1424 690
D3C438 29394 23038
5D58D0 1040 185
DE2028 46072 24132
4EC4C0 400 203
5E13D8 1936 1178
6FA760 14120 4976
74B9F8 948 370
1BE5F0 288 143
37D238 4624 1792
D0D780 6334 6119
1E8D90 47376 20850
D57428 30208 16107
EB9E08 797 682
1DDC10 1552 1062
5F6608 880 828
6635E0 2840 323
2E61C8 7792 2676
1C0538 288 278
4F9918 5168 1376
A15C80 2156 1731
6CF798 6568 331
D37100 2644 2618
5D67E8 816 669
2AC650 528 424
AB2570 3764 3635
94E6B0 4032 3006
480088 856 500
366130 272 148
EC07C0 1647 276
7CC508 320 84
7BAB88 1420 93
7C2710 7060 2812
4F5900 2704 944
3E3560 4496 2809
687CE0 5020 1571
213448 2320 2284
4B2688 144 86
627CA0 15336 1307
7EF190 2228 1983
6E0238 3620 1604
A328D8 5104 4402
696300 7120 2724
5E7128 2064 1439
5D1690 1040 119
341348 144 83
C7BAD8 6414 4862
675C98 6420 1317
3CA790 1168 770
93EB28 5084 4732
4A4268 80 70
5B05B8 112 84
688E68 7820 1653
6F16C0 1520 419
29BCF8 2320 1849
6CA748 3620 571
6C1DC8 20420 2301
7CC480 168 70
5635E0 76816 26234
1CF630 288 201
1D0B58 288 220
211058 400 315
5FAA28 880 569
1D6CD0 288 215
6639E8 428 61
481610 1952 1197
1CDE28 288 229
3D4D98 2896 1342
2BAAE0 208 129
D6EB50 25112 11445
4628A8 44944 25171
230308 14096 4183
304E80 41488 16820
4A6108 528 223
C80858 2298 1690
7C6F20 3848 1383
22A128 29968 4848
6F1360 1520 418
9D93B8 1084 780
1BC470 288 240
4056F0 4624 380
1CD448 288 148
1E4E08 2064 1189
5D5238 1040 420
8EFAE0 17780 14432
512798 1552 415
2966A8 1168 387
3E7518 14992 1985
D16EE8 6554 5656
EBA2E8 351 235
29F9B8 15376 1276
58B0E8 76816 28866
6A3DD0 2920 864
7BBAB8 624 57
64F108 17620 5481
6BF940 1520 424
7C58C0 2680 1167
C5D470 20678 15100
2A5C30 2320 1157
4A6C18 128 98
260FD8 10960 3725
56EDE0 2704 66
1C2678 288 276
279820 1168 1026
32A8E8 12688 4272
4DE478 144 60
5D5518 1040 179
487208 1072 667
35A5F0 41488 27013
609100 880 763
A19F08 1620 1531
6C7348 49820 11045
8CF998 224 151
1BBDF8 288 110
257BE0 11536 1396
8DE888 776 344
709398 16220 5485
39E228 1552 530
99AA30 1352 1324
29FEB8 15376 1842
7BC298 148 60
454C60 20752 10323
81F8F0 29984 26828
7D0EF8 2440 1660
6CDC40 2920 875
958DB0 1888 1679
7ED7F8 5576 3402
391168 3472 530
2F6C38 2320 1817
EC0458 390 171
2DC158 2320 1227
1D4E28 288 272
7347C0 7120 1987
7C8E38 8228 5081
1D0DF8 288 274
5FD788 880 839
64AB10 10620 1735
759E50 9696 1261
4528D8 20752 9096
3981A8 2320 878
D37B40 1968 1415
7B66C0 8460 960
5F2960 160 84
956060 3392 2347
625BD0 472 63
2AE6E0 1040 439
39DC38 1552 512
5FB718 880 525
1D6258 288 171
E3CF90 6832 5293
848980 5484 4655
65A518 396 101
381F50 912 503
1C7470 288 263
4A5EF0 528 349
7CC4C8 244 61
6A7678 9920 1782
605E48 880 766
203C58 656 543
6584A8 1052 117
7EA348 5324 3563
738C00 14080 2444
797FD8 7300 739
481188 1072 688
A3CF90 2424 1513
23B870 2128 538
C89AE8 5028 3292
44DBA8 20752 11908
6A2D88 11320 2457
57B298 1936 1366
E184E8 6784 2609
7CE818 2248 781
3AF4E8 1552 624
2FE0E8 272 165
21F228 10960 3567
6281C0 9428 1333
62C5F8 6052 757
1C6880 288 216
5508D0 928 465
2608D0 1168 990
EA7AF0 3661 2564
C80EF8 2298 1701
1C1330 288 222
609768 304 217
3D96E0 1008 682
EBF7E8 108 88
845158 8782 8012
4379D8 20752 11291
2FD9D8 2576 1806
5514A8 128 117
5FF210 880 692
7D07C8 2440 1834
4EC290 144 53
214EA8 2320 1887
1E67F0 2064 1467
3949B0 2320 1205
1BD448 288 243
53AA68 400 362
793E90 16056 2519
632710 2676 326
1D7AC8 288 178
56CEC8 1264 542
4A2C58 912 691
639E18 1676 126
984BB8 10204 9908
5D5D60 208 194
4E9840 144 81
7F1378 4196 3503
EA18F0 999 692
5DB3E8 2064 199
91F2F8 3764 3260
512DE8 76816 27705
D657F0 3064 1422
4DE408 144 48
805270 916 569
380620 2320 840
937DA8 5724 5515
41F318 3856 1601
724D78 37220 10677
635E18 6180 486
E78730 7904 3992
3FD360 1424 609
6BA818 5020 1351
39DE38 1552 559
69A668 42120 5878
9425F8 3228 3142
6768A8 7120 1636
C60F70 27162 20765
38E128 1808 1139
1C9F50 288 265
75B508 12076 2114
4A7768 528 238
DA97B0 440 352
7B4538 2320 627
1BB470 288 122
EBF8E0 165 91
4A3548 912 274
1C5770 288 201
6C09B8 1520 357
663AF0 1468 320
7B47B0 220 68
5E5E90 1040 808
2BBB58 2320 739
E6BF08 7640 1903
4F60A8 2976 1119
EBE338 1227 723
4B2040 80 58
8CA2B8 24338 4216
25F0F0 832 470
A122E8 1084 867
705B78 7120 999
D68B70 2232 776
5DB158 96 76
1CBA98 288 257
486EF8 1072 780
51F950 2320 1425
E56F48 696 499
1D27B8 288 277
58AEC0 528 138
574B20 9808 5796
A1E2C8 1888 1617
A5DD08 1884 1152
688308 4320 1352
4E1700 240 186
D41E38 3248 2386
241558 2320 948
1CEDA8 288 246
7BBB98 584 47
25A098 528 202
5F4F20 880 825
EBBB10 851 730
68F370 4320 923
1C21A8 288 261
37A4C0 3024 1348
7D65A0 904 366
4A3AA8 912 426
252B78 2320 670
659C78 272 120
625A50 1320 201
5E8F80 2064 1017
250A88 2320 541
77E590 13668 1113
24DBD0 2320 399
5218C0 1040 416
65D7F8 1104 149
599BB0 31120 9780
2E2A48 1296 558
497E58 59920 38843
7BADA0 3460 438
331B98 880 715
2C90B0 2320 444
3B1E48 3376 1218
E61B08 4152 1687
2DEB28 2320 1794
D02218 2452 1528
8F9E78 1620 1500
56BDE8 976 51
388F10 20752 5718
2F5240 272 112
25DB38 784 377
7BF6A8 120 39
5E9BC8 1040 707
E625D8 1432 746
A78DE8 4300 3720
E622F0 1400 743
1E05F8 144 78
1CBC88 288 261
E29EB0 824 486
3AB870 3344 1039
56DF88 528 276
663080 5944 303
6F5BE0 6420 1385
655588 15520 2924
1C2E98 288 236
5D0258 2064 1140
489158 1952 861
275FD0 208 164
1D6F88 288 265
EA28E8 513 472
B5A428 21374 18308
78DDA0 27200 5561
48C940 1136 533
361A88 2320 1607
D49F98 14776 7473
A18398 1352 1287
52D198 9232 4120
2444A8 2320 1519
5D4518 1408 533
3F60B0 528 418
73E720 29520 4700
DDD0B8 37784 20336
5F55B8 880 846
D8D210 2984 1690
61BFE8 512 449
2F60D8 4624 1665
7D0648 2440 148
8D97C8 2556 2394
27FAD0 8960 4653
8D1A98 11480 11451
65D380 3124 140
D86B28 9304 2991
D25E60 2192 1895
340258 528 142
519E98 2320 1474
E22A58 2168 1481
395B00 2320 841
749B28 3720 910
1D3278 288 227
DA4FE8 5352 2144
DA6620 888 612
1C9480 288 205
808EE8 12510 9019
4DEA28 2704 221
276078 496 213
68AE10 9220 3048
4E9BC8 144 90
7D6288 1716 707
421E58 2256 905
6686F0 636 195
2AE338 2320 507
632F08 948 63
68C250 14120 3080
5D9748 1808 1131
4F7380 1792 803
7B51A8 6100 1352
2F4FB0 2320 649
D96760 2696 1409
797650 7960 1110
3661C8 272 122
1CAEB0 288 223
944CF8 4018 2302
C8FE30 22506 21144
4F76A8 2320 793
525E60 304 51
C74990 8962 4134
696DA8 5720 1542
1C8068 288 255
1C8738 288 225
960980 5724 5272
703470 16920 4127
7A1A50 20980 3097
8CFD90 160 133
64A448 5020 1293
8470A8 7560 4783
53C190 2320 950
732C88 12020 3841
51B1E8 2320 1849
29B068 2320 1605
37B7D0 528 293
D642D8 4384 1872
6FF628 5020 1992
2561E8 7696 515
DA7118 5512 2429
2A8118 13840 4971
4E2148 576 103
EBF9A8 99 80
56E450 160 74
24F9B8 2320 968
1CB098 288 125
1D8A78 288 138
AE3038 115216 93572
8F94A8 384 206
23A858 1056 980
75D038 19240 5311
6A7F08 1520 244
4A6560 528 211
657FE8 6376 807
E4EB28 840 502
1CCA70 288 217
1D2428 288 255
D0AB58 208 158
629068 4364 438
9B6848 7248 5226
63A7A8 6308 957
1CFD90 288 260
1E7428 224 206
9AB0E8 1888 987
252E18 528 304
253C80 2320 515
537140 2320 1183
24E890 2320 692
842810 3338 1982
3C3E20 784 172
1C7920 288 161
38A568 20752 5852
5F7FA0 880 810
B27CB8 13450 10569
E9C028 2760 2430
D1F788 804 752
1CF060 288 268
6373C0 1364 137
5D9FC8 528 242
5E5998 1040 579
278960 7792 2782
1CB3E0 288 246
804BA0 1900 1744
2EA748 1296 95
297908 144 102
D69AB0 2904 1511
9D99B0 2156 1755
4C5038 224 162
637330 1364 140
D394F8 6028 5403
66F7A0 6420 2029
57A558 8336 3390
718B80 19720 6111
56BED8 528 175
8DF690 3666 2480
6857E0 2220 561
658928 2504 194
5F9430 880 712
632168 4364 574
2E82F8 7792 3041
A309A8 4568 3683
5DFCC8 1936 337
4C4DA8 224 164
1C6F68 288 245
263388 1168 813
29C438 2320 1705
1C7158 288 267
9DC928 7262 6423
524710 4624 3868
DF9A40 36688 20187
6BC158 7120 1531
6F4598 1520 452
1CBD90 288 252
1BFE40 288 215
1CAF90 288 257
2B2608 1168 510
1E0D38 1040 365
1BF658 288 197
658D70 2504 136
9D96C8 1084 737
69C108 1520 435
5E4FB8 1936 779
7F90C8 3212 2311
81D020 8520 7760
8AF510 25316 18546
486980 1424 669
7BC198 148 49
2285C8 7504 1191
2541A8 2320 709
68D3B8 7820 2599
5EF0E0 11888 4528
331800 1168 918
CD2F08 28166 27117
297F98 1168 908
2D8E08 29968 7681
949F40 7678 7202
7CF250 9280 2010
1D5D78 288 272
377BE0 17872 10462
1BE728 288 146
6655E8 7828 1835
AB4690 2960 2151
797170 10484 1243
5DD0D0 144 87
EA6AE8 6153 4104
648F78 7820 1863
D894E0 2344 1297
1CA258 288 190
639FD8 4764 493
68EAA0 9920 2249
25BC58 4912 3199
65D890 6616 1869
211A58 6000 3778
1D7098 288 211
6F6FF0 5720 1200
656540 1052 78
3DC748 16144 12428
30EA78 41488 20280
4F93D0 5168 1346
53BD40 2320 1099
366410 272 101
5D4AF8 1408 419
604688 880 804
7CEB28 2976 1173
3C4070 96 57
6178F0 512 273
4DC438 3184 676
D68990 2232 478
5337A8 2320 1899
4863D0 1072 780
658B58 9764 535
939338 6364 5539
1D1E20 288 275
1D2FA0 288 212
91DC78 6364 5756
2B4690 10384 5236
E8F850 3480 1092
B2A608 32868 28861
A49C08 6194 3123
6AC158 1520 373
555590 29968 11549
1C4D38 288 136
658310 9280 218
2CA6E8 2320 1384
3AF270 1552 630
1D4400 288 268
E2F080 4416 2006
633938 6180 1141
632948 1384 116
1CFE98 288 148
6B77A0 19020 3617
679858 6420 1484
DAA638 44856 20224
EB6900 278 262
776C28 20112 5205
7B7710 480 65
8BA5F8 6008 4496
4EC380 528 125
64B1D8 7120 1684
954D08 5112 4951
704490 1780 54
5FCF58 208 184
4860F8 896 726
EC0158 192 178
67AC00 3620 1358
520358 2320 830
6521B8 3620 812
1BD988 288 208
23F0F0 2064 600
74F9A8 1520 531
4E2540 1616 292
6634E8 1000 84
5B0508 112 86
2FB8F0 2320 154
1BFD90 288 174
48BE10 2064 952
4A7070 528 207
447BB8 20752 8916
3F5798 1168 604
31E100 7792 4228
632430 6052 730
1BFB38 288 210
E23570 1528 1240
621C60 512 480
633240 3564 363
7D1C18 3800 682
24B3A8 2320 1107
4EE6E0 3472 2508
340D98 2704 1455
320500 80 47
9A8BC8 816 552
1D1D10 288 269
53AD20 208 196
E3BCC0 3048 2412
D7A638 1304 577
3ADCA0 7504 3568
632F48 1384 137
9CC7C0 5084 3855
5AD028 6160 3446
764338 31180 9305
5D3030 2064 1379
6C9FE8 7120 1883
3C57B8 8208 1678
6366D0 1384 178
6CCAB8 3620 905
47F798 720 543
6F4A38 10620 665
E628C8 1432 1253
A203C8 7644 7070
707920 6420 1453
536348 2320 1209
3C2910 20752 5209
56E8F0 144 102
25FE10 1168 951
A7FF68 4032 3925
6DBAC0 8520 3147
2E5888 7792 2365
BDF280 71182 63100
5DB2C0 56 48
6588A8 1536 122
1C8168 288 216
E7D5B0 904 342
8180E0 3216 1396
598240 528 243
260CB0 1168 747
4E9AF8 448 201
7A83B0 25320 4869
480280 896 686
205110 784 579
5AADE0 1296 1170
7CB900 1000 92
978500 4568 3261
27CDD8 31120 6177
E45A40 6640 4110
3C4120 2320 1117
25EFE0 288 271
8CFD08 160 136
844778 1260 822
59E320 3088 1263
63A1C8 7080 1500
74AB30 3620 686
4EC660 352 173
7D2A90 3120 1233
6AE5B0 8400 292
2A6D28 2320 1132
74D8D8 1832 660
629908 2676 178
7B8240 1104 63
7D03C0 2440 142
A60C38 2424 1797
6F2A48 3800 1426
8CD110 3154 2437
D36518 5808 3044
7B7260 2560 369
5FC148 880 817
D068C8 12314 10854
D2D230 1740 1518
637C88 7324 656
3CB240 1168 898
7B4300 2320 567
3C40B0 96 56
24A040 144 64
E89308 2904 802
519D98 640 170
20CB90 13568 6684
2F6760 272 47
540B28 76816 45190
2BF828 16144 7033
496640 4624 4568
634800 7052 959
2ABE28 2320 943
E3E7C8 1320 227
7AEAF8 6252 1601
747760 1720 483
637970 5656 511
6AC2D0 1520 399
A1C4A0 9124 7715
1DD948 144 121
D2EE48 1514 1447
EAFF40 3843 2584
4E9968 144 65
74CAB0 2716 1130
1BD030 288 193
4E99B0 144 55
D1C410 3016 2409
1CDC98 288 123
604370 880 787
5D1B80 2064 1379
E57140 2776 1000
598418 976 451
E7A8B8 3488 1532
47FDB8 1072 715
398EA0 2320 972
748FB0 4220 1164
460988 20752 7963
630340 2676 230
E63560 1208 635
4FA348 6256 2016
7754B0 27924 6008
1D3BA0 288 228
21D370 2320 584
3A03C8 10384 3985
6E94C8 14820 5894
6EDBB8 11320 5573
2A57D0 2896 1114
1C2598 288 218
58A460 11664 850
7B74A8 7280 133
1C4110 288 277
3ABC80 3344 1022
62BB68 11116 1782
CB3400 28166 24805
70B7C8 9920 4120
EBCAB8 917 763
1C9760 288 275
1BF380 288 180
80C830 4576 3922
5F6C90 208 146
7D6780 272 87
8CB330 4494 2064
70DF28 8724 762
1C3B80 288 226
220E00 10960 3577
E43D58 7296 3551
E547A0 18688 7829
DAA2C8 2720 875
396B18 2320 785
9F9700 12956 3478
56E788 144 101
7BA7C8 5944 750
67E400 2920 546
6A7D70 6420 408
65AC58 22452 8828
E4E7F8 1720 816
7CC308 920 155
1FD480 17296 4437
8BD1B0 536 366
242128 2320 1128
3CB5C8 592 577
433268 20752 8232
7BF6D0 1420 462
EBDAA0 2577 1950
E9E728 377 353
204D50 656 449
636B98 1384 113
1C58E8 288 239
D8E528 2712 1511
3AAAC8 1296 344
6CC4D0 5720 1507
6D5448 7820 2320
326170 8080 3382
DA27E8 2840 1572
9E69C0 10378 2944
2DAC10 7792 4692
BD1220 45146 38448
1C7268 288 255
7BC040 1360 343
5D0CB0 2064 1140
A570A0 19854 15378
D64F98 4472 2135
2AD1A8 2320 745
7B1B90 820 215
1FFAD8 20176 11695
EB8CA8 739 339
24B800 2320 749
4DCA00 3184 1101
2AB590 2320 1031
26F5D0 2320 1732
D30D98 1740 1368
4A42B0 1168 189
38FB90 2320 415
E4DFE8 2552 1197
1C4E80 288 257
640A28 19020 2989
1BE538 288 180
23AC30 5952 955
5DB1A8 96 77
3B14C0 3376 1267
E47390 20648 6118
1D6308 288 275
1D2130 288 275
212920 13840 581
247A90 2320 1465
74C1A0 1000 319
21DA30 11536 6132
6560F8 4320 881
1D1A30 288 237
3B19B8 3376 1161
1D6B18 288 254
A2CCA8 2960 2788
4E98D8 144 84
839548 7176 4369
3CAA98 1168 870
1C8BA0 288 260
1CFF30 288 227
3812C8 1936 756
1E4580 2064 1070
5F2B98 160 113
99F8C8 3764 1715
889B58 22364 7134
EAEF90 3565 2472
94CC88 9876 6694
422B68 528 238
2AAAF0 2320 753
2AA7C8 2320 801
659700 892 206
EBAD00 1326 1166
31AD18 13840 6473
525FF0 76816 28459
7B0290 6664 1929
1DD6F0 144 114
6F67A0 5020 1196
5E1C58 1936 1106
6ADA30 4320 1004
1CED10 288 149
262E20 656 283
754200 42680 7750
961E18 4300 3995
E7A3B0 3416 1285
2485C8 7184 2224
7BC320 148 66
E9CA90 311 303
5E4CC0 1936 754
662000 7120 4217
9534B8 7692 6218
7D5270 4616 1663
4E9A38 448 191
2C8660 2320 964
EBB7B8 312 286
65FF00 92 58
74EFB0 844 347
6C0D98 1988 73
1C1CC0 288 219
1D7A00 288 195
6333B0 4000 429
52D030 528 358
1FB4C0 3664 1782
5210C8 400 111
28FDA8 41488 26875
1C1DA0 288 243
603498 304 192
632AB8 1384 116
2FD988 144 76
2403B0 2064 904
6746C8 7820 2515
25E8F8 288 108
5FD658 400 299
694828 14820 3830
5DA0C0 528 304
7B29E8 5120 1445
6ACCB0 5720 1200
56BF88 3152 334
CFF268 5948 3471
4230D0 528 295
5D89F0 1600 304
9845B8 2524 1532
C82300 31562 19868
7D5FF8 636 349
7B9620 1360 638
7D8180 2058 1845
9DF5D8 5320 2839
2AE538 1040 423
1CE5F8 288 216
4E2D58 76816 27092
D0B0C8 4682 4244
4E0798 592 338
2B9198 6672 3388
5ACB30 1296 930
C7CDD8 6408 4036
368C20 31120 6371
1DA628 11792 6096
672BA8 7820 737
859038 33202 31483
737788 12020 3795
5DDAB8 3600 96
1CB8B0 288 259
57A450 1168 263
A4AA70 816 546
AAC400 8924 8490
EBFA38 138 84
53B918 2320 1061
500658 528 438
1BB330 288 79
9781D8 816 804
793B38 10484 854
530BB8 2320 1366
AA2240 15556 8873
607DA0 880 813
5E5758 1040 573
DA9CB0 1016 876
297340 1168 833
EA0898 421 321
1D1B20 288 235
4F8F40 5168 1167
27B670 6032 2700
E9D8F8 769 723
1CB7C0 288 235
C795C8 13034 9483
24A0C0 144 54
3A0340 1168 131
CAB6F8 33826 32001
632B30 2972 979
1C20B8 288 234
5D5E28 208 87
D14AA8 820 663
36A508 13840 2067
9DED38 3594 2204
5B04A8 112 90
1E37D0 2064 1202
1C79C8 288 227
60D068 512 302
7C6590 4724 2445
3C3ED0 784 173
6323A8 1832 135
76A6E0 16640 3423
235978 1040 1017
3C7380 1168 1104
4B1240 544 353
659990 396 134
254470 2320 660
4E9730 528 59
1CABC0 288 223
1D5678 288 276
1BBCA8 288 182
741BA0 23920 4703
4A7368 528 176
AB9F10 5084 4984
3666E8 2320 754
63AC20 1676 282
6574A0 1536 150
558E70 29968 13302
637450 12668 1049
4E9C28 15568 9655
5E69A8 1040 602
233730 14096 4658
EB58E8 382 369
601AD0 656 460
6202F0 512 183
92DF08 5724 4182
4DE3A0 144 53
5F41F0 880 841
3CB810 7408 3256
4F6508 2976 998
7BBCB0 1656 62
1E3358 2064 1143
7B2330 3320 932
1C3A80 288 251
5FB928 880 438
2A45D0 1168 859
1DE398 31120 4470
1BFFC0 288 175
1C6E90 288 214
1CA060 288 240
DA9190 296 148
7CB7A8 532 111
7C3210 2096 880
6094A8 880 700
705F60 1520 359
6A1ED8 26192 3755
5EAFE8 2064 788
619AC0 512 92
D2E580 2644 2241
D69520 2696 1418
2784D8 4880 1155
E89630 3016 1695
1C0BD0 288 155
53CE78 3856 1776
C0E480 66654 55276
219220 7504 1946
1C7B70 288 234
2113B8 304 221
656470 1052 64
BBABF8 27034 23145
EAD090 893 780
72F768 9220 1732
2E9C28 7792 2781
C1BC70 91680 84081
24A1B0 144 81
7C0BC0 2680 1215
57F498 9792 4928
4A6478 528 226
25A168 80 44
51B928 2320 1936
405458 5776 661
262F40 784 605
1C0C70 288 218
7D9868 9556 9137
99E568 1888 1443
6A0DB0 7820 1812
8DF080 1720 1550
4A53C8 528 325
7475A0 1520 447
656590 11580 1692
69CC38 4320 1127
7C3580 8228 5438
650678 5720 1165
25EEE0 288 249
79CDB0 22716 5599
741A70 1520 301
1FE5D8 17296 1521
4F88F8 2320 458
486C20 896 726
1E27C8 2064 949
EB3F70 275 106
A86B38 5104 4957
51E4D0 2320 1507
7BAAB8 1760 207
A6A990 7516 7120
659588 1264 230
8C2BB0 8080 5140
1CACA0 288 234
E3ABB0 2520 2340
4A7418 528 177
EBB190 958 781
968000 2524 1528
5DFE20 1936 947
211498 400 229
7BC700 148 105
75E4F8 11280 2280
47E7A8 896 680
65FA08 220 53
EA1FF8 861 814
EAAC70 6213 3956
D8F590 5736 3068
1C8CA8 288 260
47DC88 656 238
B3E258 13380 9773
628E68 8584 511
2BA040 2064 1163
6F2338 6632 528
957B30 7644 4733
62CBB0 1832 307
771768 39208 8941
1C7AB0 288 185
6C2B70 8588 1877
320568 80 53
D99790 2936 1083
259F80 528 278
81C3A0 18516 2547
E74FF0 19880 10141
324100 9520 832
39A688 20752 13740
63DDF8 17620 5322
4DE438 144 59
A81C70 7516 7344
E9BE18 1196 525
79C328 10564 779
5E99C0 1040 515
7FFC80 6976 2723
668A70 168 50
6564F0 1052 74
519C00 240 63
256A70 5776 985
1D3C88 288 279
69D0A0 1520 352
2B62F8 7504 624
4A3310 912 567
B70400 14582 13724
4A7140 528 89
E95F80 1048 365
2E43A8 976 767
1D7FF0 288 224
1BF128 288 209
5D20E8 1040 119
81BCB0 1176 715
2CC100 31120 4351
9CA678 8726 8516
1D1110 288 222
713320 12720 4847
551520 128 118
5B6C18 2752 1090
7BF680 92 39
341638 41488 25236
D09F48 4014 3087
56E7F0 144 117
4E0B98 2512 860
3D5B78 4624 2429
8B9748 4444 3759
475FB8 13344 2733
2BB038 2320 848
1D91E0 144 55
835E48 9082 7029
521268 1040 616
4E9930 144 54
1DD538 784 235
6A3B70 7820 601
1D0200 288 202
1C30A0 288 203
598918 31120 3931
D63F98 1360 832
E140A0 11272 5926
7AE370 12844 1922
2268B0 7504 1030
8CF318 672 321
1D3980 288 256
1C22B0 288 278
4A3228 528 156
63ABB0 3992 109
483630 896 722
1CBBA0 288 232
676710 1520 407
530230 2320 1240
603168 880 810
89B958 4444 3817
903A30 2692 2502
1D5C98 288 221
5DE480 1936 1000
423C18 41488 13283
B40888 17220 10949
3230C0 6288 541
6D1218 5020 1518
511D00 1232 1150
1BBC00 288 167
EC0300 108 83
D676C8 1704 1161
6372A8 1384 136
EB6CF0 1633 892
5DAE48 192 71
7BC628 148 94
420268 2256 915
535990 2320 1254
62EC88 23776 3926
E9EC60 375 271
EBD388 263 243
7B7BA8 2628 1503
670E98 12720 5950
E28B08 2232 158
25D2D0 1672 508
667D48 2240 1043
600DA0 880 756
3AAC20 8528 3148
7BE6D0 11404 2837
609400 256 161
63B2A0 7120 2783
614800 512 466
209400 13568 6986
D73090 52832 30119
73B710 5020 1850
7B56F0 2560 137
51C7A0 2320 1645
63D510 7120 2275
6F2FE0 3800 1530
1CC090 288 217
2BACA0 2320 914
6B2890 7484 515
1D4938 288 241
6AB310 6632 1426
47E3B0 4592 1010
65DFE0 4000 504
996D00 10844 8336
7B7068 6100 182
4B2F78 56 44
E8FED8 17320 8587
4B28B8 160 140
4A69E0 528 268
6185E8 512 128
2AB0F0 2320 641
366638 336 98
1C1C00 288 189
2B2808 20752 4571
2BAA90 208 78
860B38 29034 17758
7CB818 532 127
6AA3B0 8520 2366
28AEE8 528 267
96EF58 19854 16847
3A9B10 10576 4020
E63B08 9608 6007
7B1A30 1996 352
7B4C58 2612 586
3B2310 3376 1213
215608 2320 2004
5ECDF8 272 182
E9E120 354 325
6B7300 5720 1183
681AE8 6420 2670
4B1A30 6496 1401
1D3678 288 251
891DA8 10204 7630
2BB7B0 2320 934
6C0B20 1520 341
25EA60 288 261
1BB7B0 288 146
27AE30 3824 2108
DD4A98 62680 34329
7C7488 2096 839
54EE60 4240 1143
1CC878 288 54
240000 2064 943
6AF708 8520 2799
80EA58 1516 1316
421540 2704 1324
1C3810 288 131
A5C358 3496 3354
748060 5320 1578
A92110 9928 9171
51F428 2320 1313
7B20C0 1620 475
D09330 4106 2028
EBCE48 644 515
E071E8 40240 17712
D9A5F8 2712 1506
2FB990 2320 1086
29D9F8 2320 991
2E3A98 2320 971
33F810 528 96
2E18E8 4048 1510
5F7830 880 798
658520 2020 187
398AD0 2320 976
7CEFC0 2248 649
8954C0 9564 8014
54D538 4720 1791
8916E0 2524 1732
4ECB88 3472 2763
6A0CA8 1988 123
606148 880 756
535E78 2320 1231
277ED8 3472 1534
3DF7D8 6448 5477
8B3D88 12196 9223
39FAE8 8080 2135
7FF240 1244 797
8A23A0 24484 24040
54EA00 592 229
748E80 1420 303
609F38 880 315
38EE40 2320 942
9B8398 20564 17710
D465E8 4728 2269
29E240 2320 1365
1E6DE8 2064 56
747CD0 3020 908
500480 528 466
7F7B78 4524 3308
28B108 41488 16426
25D8C0 1744 172
97F6C0 4716 4464
D6A098 3000 1468
659CF0 272 89
38BD88 784 195
5F5260 880 854
3220C0 528 220
7AFFB0 5016 731
8CED88 536 435
1BB380 288 90
D458D0 426 265
630558 6052 520
919D58 3496 2957
7BB210 3120 1542
6482E8 23920 1857
2B8228 6416 3948
48A3F0 896 736
5D4730 1408 432
1BB2A0 288 75
422558 4176 1549
6BFAE8 11320 3181
819110 4916 3119
D864E8 1224 281
631590 7740 930
61A910 512 116
E796C8 12424 3300
56BD60 240 132
818930 2536 2014
211910 304 195
68A160 3620 527
31A310 7792 2568
5211C0 400 161
2F9288 2320 1973
5E6668 688 259
1C7368 288 259
211860 304 172
636380 7924 844
7B5908 2560 61
7B0F00 4488 576
EA47C8 1692 1127
7B22A0 620 141
6C1A70 5020 853
7CBF00 1004 295
3F5DC8 528 380
64CB58 4320 992
38E5A0 2320 786
759900 6504 928
DA9228 2232 612
1C1B00 288 249
4B21B0 592 549
53A020 400 355
7B7120 6100 316
26F0D0 2320 1280
6ABBA0 8520 768
5D85B0 1600 1084
205358 656 506
E7FE90 904 356
8DE738 776 332
769670 16640 2260
D879D0 13600 5038
679E28 9220 3539
519C98 432 250
382600 912 452
7AF680 11196 1825
5012C0 59920 24925
1C0D50 288 208
296830 1168 639
221C00 10960 3612
DF79B0 15192 8330
422DE0 528 300
1D0018 288 234
264578 8960 2706
6F1508 1520 440
EC0638 246 101
56E688 144 122
380178 2320 1189
E3B4D8 936 418
256E50 5776 976
638130 1208 59
5D8FE8 2576 1885
6F1868 11196 627
7BB1A0 1156 106
51FEE8 2320 1135
41E848 2512 1527
1C9370 288 270
61ECC8 512 490
792478 22716 5822
531110 2320 1273
298610 1168 667
623398 512 422
6CF2E8 2220 510
95EFD8 7004 6564
495B28 4624 2833
62DDD8 11116 780
797CF8 6504 734
74ECB0 1624 763
4AFFA0 6160 3121
39EF40 1552 457
4F86C0 2320 568
202888 7216 3118
1DBDF8 11792 5474
778080 27996 3990
1C64F0 288 209
3665C0 336 120
550DE0 2736 808
2DD198 2320 1216
601CA0 880 824
AB4EF8 7378 5796
7FEE08 1692 1077
1C1A00 288 250
3F7318 41488 17926
6973B0 10620 3102
62AE78 2676 337
47F3A0 544 293
636C10 10856 1682
1CC980 288 237
5D48E0 1408 530
DA09C0 2712 1502
D5F1F0 12768 6784
29EC80 2320 1370
1C6958 288 257
3BE838 20752 5508
4F79C8 2320 850
4F68F0 2976 971
E19A28 9968 7533
1CE508 288 238
51DB48 2320 1248
4C52D8 224 163
D35908 3096 3087
1E2158 2064 699
64EC20 5720 1256
38F608 2320 875
67B150 4320 1764
659A18 520 187
933540 10204 9676
29B6B0 2320 1608
6329C0 948 90
7BC208 148 66
EA0030 166 158
EB2C98 269 235
532860 2320 1859
745B90 2388 760
EB1C18 271 235
EBFAF0 156 119
4EC400 176 91
67E628 9220 2424
D18FB8 608 491
A13750 3228 2496
6F4FD8 1520 376
1C5840 288 167
3221A0 1168 214
C003A0 65522 57568
1E7F90 1264 1168
EA6118 662 441
1D3470 288 245
23F8F0 2064 856
663408 1000 53
5DD450 1936 104
3723E0 38928 16763
4DDB88 3184 873
2AA2A0 2320 605
7AD298 5016 776
66D6A0 2396 281
42FC28 29968 2795
4F6CC0 3568 941
7BC1D0 148 53
DA8898 2712 1344
DA0328 2984 1688
239830 112 76
1BB608 288 75
826C78 2502 1270
4C8298 17296 11036
52E7E0 2320 1391
689E70 13896 596
1D5358 288 272
23BD88 784 355
535498 2320 1265
844580 932 500
6D1808 10620 3100
1E8950 640 573
481BE8 1952 1098
279C28 1168 885
4E08F0 2096 679
E22398 1784 927
687238 9220 2727
64B870 9920 1840
249FE0 144 90
4849B8 1248 592
9A7210 816 558
409BB0 41488 28688
4A5C48 528 352
1D4720 288 277
6687B8 376 144
659018 4440 343
5F2F68 1040 996
722730 34420 9796
2663E0 5776 2688
E6A600 1272 219
7D88B8 5324 4012
60AB10 2064 1314
421A70 2256 993
3C77D0 14992 10332
1BF7F0 288 177
26FC98 2320 2245
6B7090 2220 620
7CC660 720 63
2E0768 7792 3133
E88BD0 3504 1845
EA54B0 1748 1573
EB6A08 689 352
D661D0 1192 535
2ECF98 2256 745
DAA020 1208 673
E9D660 367 312
3C6F30 1168 1100
69BD60 3620 929
698EB8 11320 2807
32D220 2320 1502
5FA848 880 83
2563F0 7696 540
DA9618 536 401
AF9DC0 56726 39943
801A80 3932 2653
1D2CD8 288 216
B82F80 36090 32333
25A198 80 47
5100A8 1232 1067
708A18 7120 855
58A9A0 11664 1058
1D0108 288 248
28F2B0 1168 419
5EB9B8 2064 877
24BEA0 2320 662
D55338 19072 8427
5DAB58 1296 371
365FB0 272 205
1BDD20 288 198
25E808 288 239
1CC660 288 248
65D6E0 1312 275
25EC28 288 219
A5B278 1084 718
6D9AF8 23220 5702
4FF948 192 113
3AC7C0 29968 5342
CC6078 36090 34704
1D6930 288 261
658DF8 4440 366
3FE490 1808 593
5D81A8 1600 1031
531B18 2320 1721
9A2C98 19854 17780
7D6550 92 77
6A8000 4320 596
7110B0 9920 3226
327EB0 8080 3364
2BC9A0 784 317
7F2128 4524 4518
E6F3B0 2920 2642
779018 31976 8344
1BFF18 288 164
DA1638 2712 1505
5E9E90 1040 612
256018 7696 457
644370 29520 9332
EC0758 108 34
E48B78 29520 14265
A24B98 9124 8569
EBA918 139 114
554868 1216 690
631938 11116 1236
EA0200 916 884
625B88 1052 66
6084B0 880 791
367848 2320 932
251370 2320 1142
64A958 2220 435
24A6F8 2320 787
1D85A0 288 71
3648C8 3600 210
38E8B8 2320 702
66DA60 8520 3501
5F8610 880 714
2A9930 592 244
399FA8 2320 921
519E48 3344 77
2559E8 2320 561
5DAFE8 192 76
5761C8 28240 16905
CDF910 33826 26368
909B10 2156 1764
5DB358 56 46
6C4730 11320 1627
245E18 2320 1505
244A98 2320 1618
E3B680 2792 1593
226328 7504 670
4A3F68 528 445
5F2A28 160 115
663CE8 1720 873
4B1090 720 432
4A5098 528 329
E47040 2232 841
1C07B8 288 280
6BE6D8 5020 719
4F8360 2320 861
280D00 2992 1967
5D5B38 1040 358
1DD7E0 144 114
6A4608 7820 2460
1E8D28 224 99
AB0090 1888 1427
70D470 9920 2741
43F338 20752 6870
7BC688 148 115
2C9270 2320 1378
74F790 636 261
3F6C70 2320 1698
2A5170 2896 794
1C3170 288 249
1C4618 288 179
988108 1620 966
5E6E98 1040 656
3A8908 4624 1309
68F710 6420 1841
256610 7696 524
E7BFE8 5328 2372
2E3098 2320 63
4A6AF0 528 176
4FAB28 224 192
75A340 24812 4103
309038 76816 23099
203E78 656 537
1D8DF8 288 278
533F18 2320 1939
D10A00 10198 8026
5FAC68 880 541
5FFA30 880 788
33F928 528 207
4E17C0 448 49
848598 1552 433
E35B48 11008 5897
657990 4924 370
8CDA98 844 501
3C5258 3088 1373
EA0AC8 1115 857
75FED0 33568 8449
7090B0 7708 320
666DB8 8312 1270
1D1F38 288 276
D958D8 2712 1500
6AF108 6420 1529
4A3C58 912 487
47EC28 1776 825
7AA608 10564 1748
42D9C8 29968 3083
2E2C78 14992 1052
5DF1F0 1936 772
B739A0 22506 19948
3FBA28 720 242
1E5C60 76816 1435
52CFD8 272 81
E85CB0 15120 7345
66A318 1520 169
53DD48 4624 553
1D4270 288 200
7D67D8 272 85
5B0390 112 94
554300 848 348
808D00 836 483
2A05F0 15376 1960
558E18 1296 86
E6A7C0 2320 1550
78F360 33132 8584
2DD658 2320 1495
382A28 1424 510
5D53E0 1040 310
CB94E8 34958 32091
52ED50 2320 1468
1DD9C8 208 103
66D570 5112 297
795050 35736 7901
4A1AC8 2576 1867
1C8FA8 288 122
4DCE50 3184 1191
4A51E8 528 480
29DDD8 2320 1128
A31810 5104 4294
66D3B0 2220 441
2A5490 2896 830
48CB58 384 169
1BC860 288 217
211768 400 241
240A30 5392 2855
265010 2992 1195
243EE0 2320 1476
9E7540 2156 1474
8BFC00 13616 4788
7A7280 20980 4397
24A080 144 57
3ED3D8 35856 25361
2E3480 2320 537
6AACF0 7820 1568
A188A0 3764 3574
1D1008 288 259
93ABF0 1084 760
458E60 20752 8054
606CE0 880 710
E538C0 2968 2271
4F4230 2368 921
296AB0 1168 883
7D6978 1312 291
228A70 7504 1399
67EFA0 5020 1450
6C26C8 22720 1189
608140 880 783
668900 820 114
4A7858 59920 10524
551610 128 112
4EC238 912 82
246400 2320 1455
E4F300 5176 4189
633E90 5308 575
4FF478 1296 1231
629BE0 6052 676
323B60 2320 851
7431F8 3820 326
9FA498 3764 3719
74FBC0 1520 540
80D788 4916 4810
1CE7D8 288 244
D26EF0 1514 1451
28AFF8 528 271
E29CA0 824 521
1BBA18 288 165
61A988 512 138
7D7728 532 459
1CB708 288 182
629220 6052 642
1C59D8 288 265
74E370 2820 794
254708 2320 655
EA84F8 6713 3830
83B708 18854 10076
3F59F8 1168 676
74D1F0 1676 737
329BE0 8080 3330
6B01F8 4320 1473
3413A0 1296 568
3FDC00 3856 1099
1D76D0 288 196
611940 512 155
2DBE68 2320 87
3FE928 1936 500
62C8F0 6052 698
41EE40 656 478
E9E300 477 216
607A78 880 806
9A8168 3014 2096
2F8A70 2320 2071
51EE80 2320 1445
607370 880 693
3D52D8 2896 2205
D7AD88 2568 1669
9043F8 3804 3799
5FF4C8 880 640
53ADE8 208 193
799BD0 17508 5001
2A60B8 2320 1197
73BE50 4320 1718
4A2218 1808 1346
1CFAA0 288 268
1BBF20 288 173
E637E0 1208 807
4A62C8 528 203
2A9B08 1296 313
1C9878 288 229
1DD670 144 38
7A96B8 20112 3914
7D7E08 924 886
29A3F0 2320 1651
5FAE88 880 531
E2B018 24816 11761
1D16D0 288 221
2A3B08 1168 779
399B30 2320 1137
5D1708 2064 1140
2FE770 208 117
DC6000 81016 40091
614B80 512 477
DB76D0 37960 20450
E0B718 4344 2335
6CB108 4320 743
6FBAD0 21820 6735
25AD50 6640 3845
29CAE8 2320 1829
7C7FC0 7060 3418
323B08 144 84
B316C8 3780 2218
D5E2E0 1672 997
50AE80 19216 9296
2C9DD8 2320 1137
6638A0 1468 326
90A1F8 3228 574
1BE680 288 162
3C66F8 1168 854
747580 116 31
1BC788 288 209
1CEEA0 288 200
3B0B18 3376 1159
6BF030 19020 2320
7CBAC0 168 50
2C8F10 2320 416
500318 528 296
4E17F8 2896 1110
8CF938 160 91
1C5318 288 270
1CA808 288 247
4854F8 1072 468
E21C08 3864 1934
48C570 2064 975
E87968 4320 2251
79C638 7092 834
3E7CE0 35856 22259
45ADD8 20752 7777
8CC2F8 844 730
41D4E8 4336 556
4BF3A8 61456 23035
2A0D98 15376 1740
417328 4624 919
6811D0 7820 2322
E737F8 2072 720
1BB4F0 288 177
E157C8 13832 10074
E8CDD8 26936 10872
752E80 36604 4992
D42790 512 339
659BA8 272 204
75C3C8 16852 3177
4096C8 3376 1255
663CC0 116 40
5ACED8 656 334
396458 2320 555
6D7658 5020 1544
E21238 2232 1252
4C5380 2512 132
208820 5200 3034
1C9D68 288 271
7D3AE8 3868 1615
38EB78 2320 708
663C30 324 143
3AF9F0 1552 634
6149D8 512 422
9239A8 8924 8551
606440 880 744
6A4FA8 2220 441
E57810 58624 25729
827170 10022 8021
512C08 1024 475
668848 428 57
962DB8 13404 11950
659908 396 134
340640 2896 1193
360F78 2320 1376
1CF170 288 244
5346B0 2320 1993
4DDEF8 1136 267
298B38 880 451
D5B318 9080 5483
3FB920 720 263
54DC38 4720 1753
32E568 4624 1556
1BEE20 288 166
3AC080 29968 1850
853968 22338 22217
3652B0 2704 1935
2E3238 2320 578
635288 7924 1051
241910 2320 1041
4828E8 1072 823
5EA5D0 1040 561
7BBAF8 624 57
1D5250 288 262
4A6638 528 226
E54500 2184 669
70A908 9220 3291
1BF720 288 203
54C8A0 8800 2185
5D3610 1584 985
512180 1552 181
1D8490 288 271
1D2528 288 216
7BBB38 916 93
5E3610 1936 1130
4B2AF0 160 113
5F2900 160 93
3D7658 2192 881
1BF200 288 204
422FD0 528 252
EB4260 574 535
9F7E18 8856 6375
1BDDE8 288 175
7BA4F0 5412 728
8DEDC0 1992 703
4B2A60 160 140
2F9A40 2320 2044
6F3F18 2220 338
8E53A8 3576 2992
99CBC0 816 561
1CE8D0 288 184
589B50 4624 2313
569F88 5136 821
212F98 2320 1193
7C1080 3264 1424
636860 23620 822
5E07F8 1936 1072
2A68E8 2320 1087
520D60 2320 871
97EF78 1884 1860
CA22B8 39486 37952
8F9578 816 501
609B18 256 138
2DFD38 2928 1249
67B838 3620 625
663AB8 116 54
215DE0 2320 2120
3C6E78 656 180
A61548 816 504
4D54D0 76816 27617
7C5530 2096 911
AB13D0 4836 4509
52FCB8 2320 1395
2F82E0 2320 1936
61ACC0 512 411
220018 10960 3558
5811E8 528 224
5F88E0 880 717
626B40 7740 1522
8F9A48 2692 1070
4E9898 144 60
5F0290 10096 4084
36AD20 1680 731
1BEBB0 288 186
715FB0 30220 11212
74BB70 1208 469
24F1C0 528 238
2AADE8 2320 771
5FD010 880 806
749440 6120 1761
6C0DE8 14456 1677
E88238 6408 2449
1C1008 288 270
1C9288 288 230
D0CF98 5508 2017
D0EF68 1656 726
25C8D8 272 77
59E0B0 2576 620
551728 496 189
615E80 512 259
E3F040 8544 6357
4C5188 224 162
D88FD8 2408 1285
657B08 3300 240
8E4F38 4060 1130
322278 15568 3655
2FB0C8 2320 1894
4C7880 3376 2584
7985E8 688 134
51C0B8 2320 1762
23F348 2064 689
79FF40 25320 6924
4A6808 528 180
736D00 9220 2693
93FDA8 4444 4051
1BD1B0 288 216
8B7008 2424 2173
4A6BA0 128 119
654088 9920 1882
24F2B0 2320 970
5DB090 192 54
6E7BD8 14120 6377
D14D40 3208 2589
4F4A00 2416 1068
366248 1936 451
8F9770 1620 724
266E60 6640 3416
585F50 4624 3467
A7F378 3228 3052
EBC360 159 117
8AEF48 816 535
68A370 5020 902
65A288 892 277
395290 2320 1178
663870 116 48
1FB368 1168 337
2E1728 784 360
80B6A0 2876 2090
926AD0 3164 2340
A12CA8 1888 1638
7BC550 148 90
65E6F8 5744 1855
7BBCF0 120 58
5DB260 56 48
399270 2320 1026
625F58 9428 1662
245760 2320 1713
51A460 2320 1673
710918 9220 1938
38FED8 11536 4752
E37258 696 376
520698 2320 855
226CB8 7504 1225
1D3568 288 271
A79C70 2960 2629
2260C8 7504 601
833630 6262 5136
1D5050 288 273
660D20 1156 168
322008 528 183
2A9488 13840 1049
1C24A0 288 242
AC5D80 2156 1854
4B13A8 3376 1098
83FC20 17304 11246
2642C8 2352 681
699B28 13152 1485
8BB788 6008 4473
81EE70 1176 771
668600 636 239
8CE440 1460 1374
5DCDD8 29968 587
60C0B8 2064 1418
639F60 3992 114
7B98F8 168 49
285AD0 41488 21522
33FCB0 528 202
C950C8 14582 10768
51AAF0 2320 1778
BC0668 22980 19540
6CB3F0 2220 748
667B50 2780 353
74E8B8 1572 613
C9B090 30430 29223
1BED40 288 223
1EDF08 39184 15787
33FC20 528 141
2DE740 2320 998
6B16F8 5720 1535
41FD10 2576 1361
3F4C98 1168 881
3326B8 2064 1498
6206C8 512 486
7ED0E0 1900 1812
A1E920 5640 5194
6076E8 880 703
5F1288 10096 5749
6E3AE0 14120 5836
D22B28 522 299
9DA090 4682 3589
D68E78 3048 1703
6846A8 5720 2415
56EA58 3264 899
748690 7020 2029
2BC700 2320 671
58A7B8 2512 483
24AA10 2320 677
EC0780 108 62
54D288 640 342
320810 20752 6132
4A6D80 128 113
5545C8 592 234
A33A10 5640 5434
1C5218 288 256
5E7C68 2064 1435
24DE70 2320 485
E0FE10 10360 5745
29D5D8 2320 1056
EAF938 2140 1543
1D4D68 288 188
74F110 1260 702
B62860 47838 36190
D5E6C8 6064 2853
298328 1168 744
2FB830 2320 63
84E250 23736 15906
1C9658 288 264
6C9E70 1520 373
27E600 4624 2745
5EC3E0 2064 810
7ADE40 9548 1323
625900 688 100
2E1ED0 1808 857
297688 880 640
1C4940 288 241
1CA658 288 196
6AD160 2920 1534
9DEB40 816 501
396850 2320 707
1D0778 288 257
5DB388 56 46
5AC6B8 1296 1137
6AB8A8 2220 275
5ECD40 272 178
254C90 2320 749
1FBBB8 912 571
2FA240 2320 1894
973128 3804 3727
1F1CB8 15760 3360
7EB138 1244 832
3AEDD0 1552 564
6C4D90 4860 202
4A6398 528 223
1CB220 288 203
25D4D0 1528 448
D66828 696 230
69DA80 7120 1882
427148 41488 26667
54FBB8 8208 2378
252880 2320 753
D1B8F8 1616 890
669480 5980 379
8DEB40 1384 636
1C28A8 288 279
E8B9E0 2840 1324
536CD0 2320 1134
D7EC90 2920 1240
658F68 1052 91
B5EBB0 16846 15529
1E41E0 2064 922
AC0D88 15824 13161
657930 1052 94
5D2160 2064 1140
6415D8 36520 7548
6D4EB8 3620 1421
1CAAE0 288 223
20F6F8 13568 5875
1FC678 2736 1755
367188 2320 857
54C430 4048 1136
3E43C0 1168 1017
4E1C50 2896 1196
6999B0 2220 375
981438 1352 893
2604A8 1168 1057
1C6B80 288 229
7EBBD8 1900 1617
714610 16920 6553
660400 5160 1444
E52DD0 1400 887
5D9D70 528 295
394520 208 63
B34198 6340 4695
5B77F8 1296 389
7B5EB0 14360 1179
2F7B10 2320 1994
E9E548 91 81
6AD760 4320 714
668978 624 77
5EC088 2064 856
3415D8 144 90
600A08 880 781
500810 4496 672
6598E0 272 40
67C650 2220 827
368138 2320 688
9D51C8 2156 2040
5D6568 816 637
E99380 2500 1884
5551D0 3024 474
1C3610 288 261
3C40E8 96 51
2064A8 5200 3418
239BE0 112 69
33E868 29968 3815
A60398 1888 1493
6597D0 892 265
7BC4F0 148 93
6087C8 880 642
7060C8 8520 1773
4AA178 59920 24098
1BD540 288 211
25D690 2512 156
5985E0 1296 635
A5DAE0 816 552
604020 880 677
5E6468 976 510
5DA1F0 528 129
EBC4D0 474 286
2BA528 1552 1060
601FD8 880 844
6A6358 5020 460
1D5168 288 231
510908 1232 1085
5EC9C0 528 270
581198 96 80
6E51B0 18320 6757
D14938 420 367
62FBE0 9428 1210
7CC160 700 92
C304E8 84238 71391
21A178 7504 2017
9BD248 5724 4676
47F4C8 896 717
5D6020 208 170
781388 66984 11651
1CEF68 288 248
1D7490 288 252
1C4F88 288 240
609848 880 717
5E52C8 528 140
525E98 304 70
1CEA68 288 61
2B23F8 1168 527
D0F240 428 346
39E720 1552 854
74ADE0 41556 2283
56DE48 528 143
EB0958 3528 2451
83A660 6428 4264
7CA218 3848 1734
1C5150 288 198
4F2320 36880 5574
EA2AC0 697 638
94FFA8 22250 13582
31F330 1936 339
5F7E78 400 294
5F2C10 160 92
1E52B0 2064 1240
E4C338 1208 622
6631B0 5412 296
252F48 528 310
69E690 3620 1397
53D568 5840 1816
AD33B8 4410 658
32B998 2320 984
1E8B90 432 403
A5D8B0 816 559
253468 2320 649
534E80 2320 677
33F870 528 183
D1EE20 2810 1328
897410 8924 8567
1C88F8 288 227
701748 16220 4889
66A3C8 42820 6158
E6F180 1672 559
33E5D0 784 310
8D57C8 1752 1256
6ED8A8 5720 780
2FA9A8 2320 1819
632858 1384 116
4C50E0 224 163
A7A6B8 6444 4901
9DE240 2102 1790
207208 5200 2487
5DD500 3088 1290
6388D0 4660 620
A498F8 1084 780
22D0F0 7504 6661
AD3968 3272 2776
5519E0 49168 10172
738660 7120 1435
54ECD0 592 200
5D4E30 1408 357
6BA3F0 7120 1057
2AB998 2320 1163
5FA538 880 781
668160 4192 1127
421078 2576 1218
1BDE98 288 202
65E1D8 5744 1310
1CB2F0 288 235
8D0610 224 177
410C50 59920 26325
4A2FC0 528 98
7D2728 1760 869
D88D80 1720 595
5F2B20 160 119
632A20 1820 148
6894E0 7820 2447
2474D0 2320 1469
539EA8 400 372
1C09F0 288 226
4C5468 2064 1222
9F2570 25392 22689
449E90 20752 8583
E3E440 2128 902
382F78 1424 471
500178 528 414
7997F8 10784 982
7515B8 43120 6339
E69138 6808 5317
9C20B0 39202 34248
8BDBC8 19398 8244
5F5908 880 842
798670 688 133
276620 5200 1311
6212A8 512 497
1CC348 288 254
1CA9E8 288 246
551598 128 116
1BD8E0 288 162
DA6D88 1880 908
64D520 4320 890
4CEBC8 1040 165
23AFF0 5056 1192
E4E498 1640 859
607018 880 752
1D6720 288 233
5DA2E8 1296 82
52F310 2320 1229
3FBB20 4048 1889
39A348 2320 825
4DE338 1168 98
2ACAE8 528 349
1D0F10 288 245
1D4838 288 256
7D6710 92 60
240738 2064 754
5AFFF0 176 128
56CC98 1264 556
3C4038 96 55
7BC440 148 59
1BC110 288 225
24A0F8 144 89
41F020 1296 756
489F58 1864 1173
E11488 2424 1338
6787C0 5720 2235
739F10 27420 6139
693310 1988 114
5553B0 3024 480
1BD288 288 206
D0F7A0 428 160
6547E8 3620 897
D1A5E0 6554 4881
80FCA8 6956 5596
53DCD8 144 105
1BC388 288 229
3B0FA0 3376 1307
ABDCE0 12340 6852
27C478 1168 336
9213B0 5084 4562
EB3108 2213 1536
4B2FA8 61456 27078
58ADC8 1040 138
E9AF38 763 719
3683E8 5776 1458
6AC460 1520 376
381998 912 497
1D1C10 288 254
4C4EF0 224 163
53DF78 4624 632
60A078 2064 1330
EABBE8 3666 2564
3D9D10 7536 3259
71A360 34420 10847
1BB8E8 288 151
DA1C20 2584 1339
5FA220 880 788
1BCED0 288 171
69EDA8 13420 2409
255C20 2320 288
4A5510 3472 1143
693590 7820 980
CFDB78 5764 3401
396688 2320 450
2AA500 2320 712
E4C5A8 1208 717
6601E8 2248 534
28F138 1168 370
D86608 2904 1312
250568 2320 707
56EE28 9808 6057
E98F98 1800 996
43D5D8 20752 7519
E9B4A0 1409 1188
EC0210 192 163
59D2B0 31120 2207
8E2D40 13740 8695
C870A0 3262 2804
EB7260 2224 831
7BABE8 3120 436
EA06B8 802 478
1E8420 1680 1324
5E0FB8 1936 1052
956FE8 1620 1550
56E648 144 62
1FBFF0 2896 1672
63F2C8 21820 5980
5B03F0 112 91
2E30D8 2320 347
1BB2F0 288 60
7CBD50 1920 235
8261C0 3776 2737
485E88 1248 618
E2F858 51296 20937
4EC1E0 912 83
4CEAC8 784 182
E8FC98 1016 570
1CE6D0 288 258
4A6928 528 180
332C98 2896 1450
7CBE40 1004 192
5DA588 2320 1484
3AF758 1552 663
1CE3D0 288 123
6F6150 4320 864
7D47C0 4616 1320
5F2AA0 160 123
B4EAD0 58030 47443
5FA8A0 880 386
82C1F0 12842 11395
6395A0 9396 2166
6CE988 5720 2394
5F5F90 880 808
A68980 8284 8202
1C7060 288 243
485328 720 464
8F6FC0 4930 3057
7EE548 3540 3144
23EDD8 2064 367
6DE720 7120 3115
5F6948 880 839
EA5CC8 629 546
3D9990 2000 890
99C5F8 1888 1478
74E690 1260 552
3A1360 59920 30117
39E068 1552 445
3402E8 528 142
1CA720 288 230
CFCC88 2452 1650
EB15C8 120 76
7BAF58 3800 580
331E68 4912 2122
E0EE00 9024 4107
54D3E0 640 344
767988 25608 7395
7CFF78 4924 1089
74A670 1364 99
60CE80 512 161
1BC060 288 173
62AFD0 4364 311
74C530 1624 659
4CD9A8 2064 782
A0E868 19308 10203
7D1EC8 7540 2137
6E0880 11320 2875
5D9BB8 528 283
5FB0A0 880 547
2631A0 1168 485
9DAE98 11992 6012
7D58F0 220 48
56E5E0 144 103
1FBDF8 688 499
965C68 10844 9107
1D5E88 288 268
66A0B0 2920 175
6685C8 844 53
E9CBC0 1155 1059
2ACC48 528 330
EB1F20 1136 519
9A8DF0 1884 1115
6DF838 3620 1342
D15760 1550 1369
37FB28 2320 1609
D0F3A0 732 471
3BA2F0 41488 16988
6392E0 3992 700
1C0F20 288 229
1DD8D0 144 118
B388C0 15940 14357
708D70 16220 721
7067B8 9920 2369
2C8D68 2320 418
6F64B0 2220 746
911A30 10624 9122
D7BC10 4848 2603
8CF1F8 224 138
609BA8 880 805
636000 11848 895
4F38E8 3376 1318
205AE0 5200 2497
79C980 7092 1066
76FE48 26188 6427
8D0490 480 377
2522D8 2320 662
6CD510 5020 1838
65D4A0 2520 291
99CDF8 2692 1035
8D5CB0 1448 633
4B2610 176 115
482EA8 896 654
E7ED20 7728 4461
9D3B50 2156 2011
658FC8 1052 80
603AB0 880 693
4B1FB0 592 140
65F978 244 91
685A18 2220 552
531610 2320 1283
5EE8D0 1040 852
65D410 3124 142
6B2E80 17620 5559
210DF0 400 299
7A5C78 20980 5636
48ADC8 4432 1208
2BB388 2320 1061
1CEB38 288 244
69A300 3620 869
729658 24620 6673
2DBEC0 2320 660
2D41D8 29968 3973
422F10 528 191
876340 44664 42305
2DCBE0 2320 1460
6A3728 6420 1096
EB7200 308 92
627138 16180 1463
747948 2920 900
9D59C0 15142 14839
512B80 368 130
1C7838 288 225
5FEC28 880 748
4CED00 272 185
7BE2C8 2440 1025
586CE0 14992 11882
419DE0 29968 13165
7D7A40 532 459
57A3D8 592 115
554DA8 1216 580
D1E040 69816 3547
58AFE0 80 48
488168 720 398
69F718 2920 739
275E38 496 405
2B60C0 2064 565
E3E8B0 2472 1936
4A2F10 528 170
4A6EF8 128 119
58AF50 1040 137
45CC40 20752 7836
5DD4B8 2256 69
366558 336 102
3862F0 20752 5729
1D5B80 288 277
5D06D0 2064 1379
69E568 1520 293
4FD690 6784 3601
33F9F8 528 154
5E6770 1040 568
1D3188 288 233
685018 6420 1992
2BBE40 2320 836
8CCE30 1306 732
5AFE38 656 313
2C8A28 2320 829
2F7358 2320 1973
1C3718 288 248
2E2790 1552 693
483B78 896 480
5BDBE0 76816 25159
228FE8 7504 1447
7D78F8 532 322
68A0C8 2220 147
1DD768 144 117
6B85C8 33720 7716
222A20 10960 3613
692A20 3620 1069
1D9040 272 39
1CD8C8 288 203
1D0698 288 219
5ED3A8 2064 1404
6BC758 5020 892
A72550 7784 4703
6357E8 3564 411
525E10 304 73
6F3C80 4320 663
476A68 10256 3570
1D4510 288 239
E621A0 888 335
637870 1364 58
DA2160 2984 1670
4DF020 1168 1059
1D15C8 288 257
4FA010 2256 821
2F5338 4624 1802
9273F8 8924 8544
1CEC30 288 219
7091F0 6692 422
58B070 240 118
8D52D8 1752 1259
5E01D8 1936 1567
1D0998 288 185
A60970 1620 706
DA9490 760 388
81C1B8 836 483
8CDC90 1460 1407
25D970 1312 171
82A8E8 7202 6403
6ADE20 2220 967
5B7060 3184 1939
29F5F8 2320 956
5D5CA0 1040 192
5E97B0 1040 523
7BBD90 1360 343
36B000 59920 29662
639E98 2448 196
D052D8 8148 5612
7B9B50 1156 200
1D5A90 288 233
DAF538 59192 33171
A9E298 18894 16293
4DE4B8 7792 1150
1C1118 288 251
8C8EC0 25454 5105
66FF90 3620 1376
E7AEB8 10128 4396
38BC48 784 130
4E97B0 528 73
8FA458 816 508
3E0D40 5376 4131
3206B0 1040 165
EAE1E8 3663 2542
AABD28 2524 1750
481AC0 544 293
480C80 896 712
973FB8 39004 15302
99F260 1888 1633
EBC2E8 159 117
1BB658 288 63
56BAD0 9200 511
7E8BB0 10538 6035
279440 1168 985
6249C0 512 291
5E6C08 1040 651
1C43E0 288 275
E37F40 20184 11370
1D3EC0 288 169
624640 512 297
1BE3B8 288 216
865098 66812 47178
1CB4D8 288 268
4B26E0 1104 466
4A7670 528 243
394648 2320 872
1E0EA8 2064 365
D899F8 2408 1305
1CF438 288 228
6F7730 12720 5673
89EAF8 9736 9220
246F08 2320 1479
3205E0 400 85
2B5DA8 5648 785
210F20 400 308
4CE1D0 2064 694
767340 12300 1608
275BA8 400 380
685E90 2920 1143
638170 1208 59
469DF0 48976 17334
67D5E0 9920 3615
EB7838 248 153
D13010 5764 5524
61E0D8 512 374
657698 2504 98
74E1D0 1000 413
90BED0 8052 5704
80BED0 3216 2395
7CB898 548 42
62A0F0 10272 1592
7A54C0 14036 1974
2BDCD0 16144 6993
5D6A88 1072 645
957870 6138 697
2F5A48 4368 1680
2A4B50 2896 317
5E2CD0 1936 665
D99BD0 2376 900
6DDBF8 7120 2854
5B0610 112 89
1CA540 288 274
D6E6C8 1208 668
298D00 11536 2730
849BB0 3934 1859
65EE38 10104 2814
1C9550 288 260
7AD5A0 9960 1010
6A67C0 9920 1029
3669E0 2320 963
1D6528 288 245
5DDB18 1936 708
5ECAD0 528 252
1D7DC8 288 268
A5ACB8 1888 1471
2A9C48 2256 529
6750A0 5328 431
DA0FA0 2984 1682
4B17F8 4240 568
7B0A20 10784 1241
6A05E0 10620 1735
47EA50 1248 465
745E88 8464 3317
916A00 1884 1152
6D02F8 5020 1595
5B00F0 976 515
1CCEA8 288 189
E0CD38 9024 4100
664058 31060 5516
5E4230 1936 865
276150 1792 1226
E667F8 23200 10557
1BE7C0 288 169
759CA0 2524 425
405250 4096 518
25D730 3760 394
7D04E0 2780 186
4EFF00 29456 7484
5DE0A8 1936 982
5FE3C8 880 684
EB61A0 525 349
E2DE10 10384 4715
746B80 8520 2556
D666A8 648 380
D2DE10 2192 1899
7D0450 2100 138
420600 2576 1264
2CECB0 31120 15270
6CD250 1520 697
A722E8 1018 612
6301E8 3520 339
4A5DA8 528 321
1D6620 288 252
3232E0 400 276
D22778 1184 940
257220 9232 2489
2F39A0 3088 453
606A10 880 715
4A3E40 528 295
1D26C0 288 243
D09B20 1896 1064
CEC168 17006 14014
6467E8 9220 2562
4CEB80 1040 67
1D9068 48 39
DA8DD8 344 321
7CC5B0 320 60
667CB8 1604 144
4C5408 224 90
4DD768 3184 1052
66A160 3620 435
918E08 4444 3917
E9F328 877 556
4232D8 528 305
2044E0 656 538
688850 6420 1555
5FDE28 880 720
1D6170 288 225
2E4190 2320 534
602BA0 880 736
1E1500 2064 1307
76F118 16852 3371
5F62B8 880 844
2BAA10 208 124
5ECEB0 2064 1271
5E4860 1936 519
2FD948 144 63
1CCB50 288 148
4826E8 1072 508
788668 62644 14833
6D2428 23220 5424
4221E8 2256 879
443530 20752 10385
BC52C0 26180 23519
E92068 38272 16151
1C2F88 288 277
AD68C0 1620 930
6DF350 3620 1249
E35478 2896 1741
E5DC98 36440 15977
435290 20752 10051
1D90C0 144 46
4B20E8 1936 196
1D2BD8 288 252
7B4EA8 636 52
D4E068 888 578
7C77D0 6184 2028
EB1408 555 286
23BC50 784 311
255E78 2320 413
6689C8 1212 116
216628 2320 1627
E541A0 2264 859
691C98 7820 2419
599AF0 880 185
9FB320 9928 6454
7D3520 3120 1478
D876D8 2232 760
204928 656 549
652D70 4320 751
657D90 5408 595
EBC940 499 373
4DEC28 2064 519
5EB638 2064 892
1BEC70 288 204
581148 96 77
E295A0 2376 1788
D4E2B0 456 215
BDA850 25998 18986
2C2F58 16144 7345
EB3708 1000 786
EB66F0 167 141
7F00C8 1244 1134
56E508 240 209
3E5B98 9232 3482
D917E8 20056 11754
4B2BA8 1488 93
E74828 2696 1992
551940 496 155
E99AE0 1629 1429
8CFE18 288 203
D8EB10 4984 2686
EB4478 4928 3951
A7B9E0 1018 602
7B39D0 6320 1795
59DB50 3856 1373
84CEC8 5084 4995
6CE618 2920 874
65FA88 324 94
6CF8E8 3620 473
399678 2320 1208
2429C8 2320 1265
4A6720 528 226
1DDB40 96 58
2CAC50 5136 2663
6EABD0 2920 659
6D5D58 5720 1738
2FE7E8 208 110
E2A098 888 484
2F6790 80 44
8CE300 382 316
E1F458 14720 7641
7B1D90 1920 551
81BF80 836 563
53EF50 5776 1415
D8D8B0 2712 1504
74C2E0 1312 590
3F4978 1168 794
3F5F48 528 355
28F458 5392 2377
242EC0 2320 1246
7B1140 5708 968
1BC940 288 177
4C5230 224 163
5EA340 1040 655
711D50 15520 5581
E23A48 2744 2069
A944E8 2156 1683
628DC8 2676 159
25CD00 1768 768
4FF9C0 2128 1683
B039C8 84542 60751
1BBB50 288 175
7B5040 2560 357
605B28 880 797
3CC4C8 41488 35017
8CC7E0 844 836
5EAD20 2064 705
4E0EF8 4736 1867
C54100 14566 14548
59CE48 3184 1125
204B50 656 507
2A4930 592 538
797AA8 3620 589
6BE570 2220 355
602E80 880 738
EBC3D8 159 141
9D3150 2960 2560
D24350 3548 3494
340598 10224 161
7D6830 532 260
7BC5B0 148 113
EB5B80 194 131
2BC188 2320 681
6672B0 6632 2206
6049B0 880 855
8FE770 2960 1735
39E440 1552 729
8089E8 1176 785
422C58 528 112
672E90 7120 2191
3815C0 912 509
24A278 2320 1148
625890 688 110
832540 2502 2175
65FAE8 3556 998
2A4C90 2896 523
7B8188 5676 183
521A60 2064 518
1D7890 288 172
5E5358 1040 467
450A30 41488 7847
423540 4752 1748
3B3188 3376 1259
6A5400 1520 346
74EB20 1208 393
652A40 2220 448
33C5A0 41488 8239
65A498 396 128
A6E808 6444 6151
391940 2320 1443
2971B8 1168 391
3975B8 2320 915
E7C930 5568 2511
EA6538 2783 1456
7B40D8 220 66
2B5BC0 5136 484
235570 1040 1026
6F2548 2440 1278
1D6A38 288 221
648DF0 4320 387
65A580 520 152
796F30 4912 570
E17F28 2128 1271
481438 720 467
749EB8 6020 1350
4A71A0 528 230
654B70 5020 995
61B4E0 512 405
296E28 1168 912
7CC088 1140 212
69A0F8 6632 516
7503A0 844 338
4CDCB8 1040 409
761FD8 36752 9053
6F76F0 1780 62
37F400 2320 1831
1F58C0 59920 23203
987270 816 503
37E598 2320 1200
569C60 5136 807
256A48 144 38
420AF0 2896 1409
554B20 1216 644
483908 896 623
1C3C68 288 176
A747F0 1288 792
1CEAA8 288 143
303968 29968 5398
4CDE58 2064 886
EB3EC0 449 174
3B27D0 3376 1172
D01D90 1716 1160
276B40 14576 5009
4FB140 20752 9546
609ED0 208 99
3FCF90 656 472
94BB68 5112 4379
817028 2876 2313
603D68 880 693
1BF438 288 144
4856D0 896 718
DA5848 8712 3541
D96CE8 3208 1612
6D91E8 7120 2319
56D670 2032 798
1D85E8 288 206
62E6F8 8584 1423
7EC230 2556 1926
55C268 29968 3356
1D8D20 288 213
323EB8 4336 580
2FB870 2320 63
445DC8 20752 7660
64E1A8 7820 2678
2DDC30 2320 1469
8CE210 382 239
7995C8 3780 280
AD51E8 872 460
6D0DC8 3620 1102
2BCAE0 784 290
38F978 2320 529
A80EC0 4032 3499
AC42F0 9392 6796
2A4EA0 2896 719
383388 1424 758
57F040 2480 1106
B12718 33826 29865
5D0C38 1040 119
25A1C8 80 50
62B108 9428 1152
2E77D8 7792 2847
1BE490 288 166
D53B10 11712 6178
1E3E88 2064 852
9685F8 38314 26971
525D20 720 239
6E2BB8 12720 3874
3F5428 1168 877
E24260 35808 17924
7AACE0 9696 1829
EBB8D8 156 128
2ACEA0 528 272
3B3678 41488 8044
32CD28 2320 1265
D4BCD0 12712 6869
1CE210 288 211
53A188 5456 2266
A8E3A8 13412 13220
1D0880 288 280
769F48 10564 1937
7C51B0 2096 895
4FF320 3568 338
1D4B00 288 159
53AEB0 2320 840
1D9090 80 41
BCAEA0 18500 15604
668888 92 41
6BCAD8 13420 1599
6704F0 6420 2466
2BCD40 784 277
5AECA0 3216 201
1BCD40 288 243
1BB5A8 288 90
7EF950 2228 1912
6A87F0 9220 2249
4A3198 528 139
24ED58 2320 703
605808 880 799
7BC798 320 43
5517E8 496 168
EB2BE0 243 181
5F2C70 160 89
267BB8 64528 29976
7B77F0 2460 951
6ACAE0 4320 389
3D9098 176 129
1C4DC0 288 189
7AC9B8 14036 2267
628A48 7740 891
756048 25320 6202
5D9E98 528 301
382148 912 642
64D8A0 3620 863
EB9CD0 60 56
73F980 40720 8429
25DA20 1072 275
6ACC68 1988 70
8379C0 9082 7047
3AEA90 2064 597
74C7C8 1572 737
1E7190 224 211
1C3E20 288 242
800728 5724 4950
883B60 29034 24564
430718 20752 11085
CFFFF8 3004 2202
4A4880 1424 1075
8EE3C0 8528 5918
1FD100 1456 894
9D4330 5372 3729
D71808 10912 6275
C88880 1716 1503
297970 1168 736
60D868 512 271
29AA68 2320 1531
53ABD8 400 322
8BCFF8 536 437
1C1E98 288 252
1E09C8 2064 877
1D7C40 288 189
980830 816 631
5E1878 1936 987
34D9D0 41488 24733
1DD628 256 43
521718 1040 417
687170 4736 200
D66910 2232 847
E70EC0 20344 10551
69C2C0 11320 2424
1E7798 1472 1224
1CE020 288 227
D7B968 1624 679
D1BC78 2736 1938
7BC2D8 148 66
8C0EB8 2548 1151
24E200 2320 847
51CE10 2320 2014
E65280 8784 5493
2517E8 2320 1029
1D9218 13072 5090
1C2AD8 288 247
6378E8 2876 130
B8ADD0 31822 19800
91FFB8 1620 1599
497DB8 784 153
C97AD8 10054 6880
5079C8 2064 1264
940D80 6364 6262
5541A0 848 349
24C138 272 220
5DADB8 192 54
6761C0 3620 966
742E00 6568 1012
A11D68 1620 1405
41F960 2256 942
EC06B8 66 40
2B6568 20752 7358
64CF38 6420 1510
D4D7A8 1616 726
7E0BB8 17516 13407
3AFEF0 1552 599
B3C0D8 9540 8574
1BBAC0 288 139
7BFA88 4432 2122
5EC710 2064 682
3664F0 336 102
8A8188 5724 4673
94F270 1888 1218
8024E0 4380 3831
1C4B40 288 214
5104D8 1232 1066
DE7E70 15920 8967
56D990 3856 791
340D40 144 81
5393A8 7632 2809
5DB328 56 48
218A88 7504 1939
848358 908 574
D90190 11216 5719
5EE448 2064 1158
74D4D8 1208 509
297C50 1168 839
5B0450 112 84
4CE9C0 1552 259
E7D410 1064 410
A404D0 49020 37927
4EC710 352 126
62ABE0 5208 657
7B73D8 8460 204
2728A8 2320 1787
4F1C40 3472 1759
1C0070 288 184
4179D0 10384 4612
A91750 2692 2493
6AC5D8 5020 1281
68FE48 47788 4265
9BC8C8 2524 2426
3CAE00 1168 1086
37AA08 12976 3528
5FCBF0 880 872
366080 272 172
6E13C0 11320 3143
7B5948 6100 1377
D15CC0 5442 4645
4E1648 240 178
25CA30 1888 717
7E7490 6144 5917
EC0708 222 78
2BA950 976 185
324440 8080 3374
8E5F58 1156 694
4A75B8 528 177
63AD40 3992 114
7CD8A0 3704 3152
4B23D8 2704 563
7B7530 6100 476
D4DA80 2808 1506
1CD7B8 288 269
256820 7696 549
5D3EF8 4656 1566
6D6428 7120 2052
204098 656 543
1C2CC8 288 233
1D80D0 288 254
5236A8 8080 4199
EB8E00 2173 1722
4DE938 2704 238
2325C0 14096 4464
6583F0 6376 182
47F190 896 528
7CA8E0 7352 1946
1BB3E0 288 140
65FF98 768 121
5B0348 112 67
6ABEA0 10620 695
39F890 784 287
D1CD80 3296 2367
D66C60 4728 2664
AD53B8 7056 5382
819D40 9336 3135
93A8E0 1084 783
3B03D8 1552 647
511540 1232 926
418BD8 10384 4613
60D680 162 129
D65D80 1304 725
C41BC8 50750 33522
532FA8 2320 2041
1BF578 288 220
7353A0 8520 2606
5E3A80 1936 485
512708 1552 139
2988B0 1168 647
EA3C90 1433 1109
7458A8 8340 239
813F30 6616 6563
7D05A0 2440 165
4E0410 1168 897
1D4F38 288 276
70C7E0 7820 3210
D18500 5234 2737
32EB80 528 137
E89CD0 2280 1383
2119D8 6640 125
41D150 4624 918
6471F0 19020 4338
1C39A0 288 217
7F99D0 3540 3012
608A50 208 142
5D25D8 2064 1379
663828 376 66
1D86B8 288 274
6F4070 4320 489
A50C00 32776 25756
1DD6C8 144 38
488F08 896 588
95C120 5908 4951
365AF0 1552 684
6A6528 6420 664
62E320 7740 983
804338 2228 2147
1C0AD8 288 245
8DE4B8 888 637
C80198 2298 1727
1D2600 288 186
4A2AE0 912 371
25D000 1600 718
6119E0 512 166
4E23B0 1616 393
1C7578 288 258
53DC80 144 88
440E10 20752 10011
1D14D0 288 242
EAEBD8 1295 952
62E0E8 3520 566
8D0050 480 454
4841F8 368 280
5EB300 2064 819
1D7290 288 249
7BB968 2192 330
1BF990 288 232
607308 112 98
D861D0 2952 788
1CD240 288 238
65F9D8 116 44
92EF60 7644 7069
81F538 1690 950
91BF48 7644 7465
65FF40 148 81
EB1E30 276 239
530708 2320 1193
669868 6420 591
74D6D8 1208 509
2DC628 2320 1459
743340 5652 456
1E0648 2064 890
7D5B58 520 92
2AC1D8 528 315
48B478 2064 796
6A5168 4320 662
C7DDA0 7132 4615
D457C8 426 263
5D4CA0 1408 395
1D4A30 288 206
E2AB58 2488 1215
1D4190 288 221
90A438 7004 6803
1BB980 288 145
2D83B0 6672 2642
D6B428 7448 4024
32EC10 29968 7086
97E0E0 3804 3731
7B47F8 1916 1119
4E9800 144 61
7B6DE8 10820 639
4F55F0 1936 778
33FA98 528 178
668DC8 2120 522
5E8EF8 144 129
2E2230 1808 726
7B1FB8 620 151
7C02D8 4724 2273
65A3A0 892 243
340440 8976 343
60C648 2064 1327
EC05A8 774 142
E373D0 7976 2924
1E1018 2064 1253
25DD88 3616 1377
398518 2320 673
1C2790 288 280
60A5B0 2064 1370
E8B3C0 1464 772
495830 2512 444
53EA20 4624 1324
2B39E8 10384 3240
6EF180 14820 6891
3C4CC0 3088 1432
367EA8 2320 656
63B0D8 4736 455
EB7D80 4596 3873
E528F0 1720 1243
693968 4320 509
5F2D48 400 343
3689A0 2032 635
2AD498 2320 539
7982C0 6504 802
3FD5C8 1936 740
935B10 8924 8852
1C0328 288 271
D1DA38 2604 1538
4B29D0 160 144
1BEAD8 288 214
1BEF98 288 182
53C900 2320 745
7B1C68 1020 290
88EFE8 4568 3965
E73AC8 7512 3422
6585E0 5192 575
1CD4E0 288 257
1CD330 288 277
5DB290 56 45
EB75A0 1392 662
834A40 6262 5125
63AB68 1676 67
8290C8 7202 6175
580FD8 528 211
68AAC8 6568 293
263A98 1296 1111
551108 2736 798
31F720 1936 287
482038 720 434
794868 13168 2022
2CA250 2320 1174
C815A0 2298 1725
3DA9D0 1168 1109
395730 2320 969
6575A8 3472 236
637BF8 3988 137
848750 932 558
1D8C10 288 270
7CB8C8 624 52
5ADDA0 8208 3836
551680 496 168
521C68 7792 6720
5118E0 1232 1052
4DFC28 1168 1025
250CA8 2320 778
7C8D20 1512 280
690EF8 12020 3485
1CB9B8 288 220
625C10 7740 834
3F36F0 25360 4740
29E798 2320 1255
E51090 7648 6237
47DBA8 656 222
37DDD8 2320 871
1BCB88 288 209
D22EB0 1900 1860
6725D8 5020 1483
68B9F8 5020 2132
5D8B20 1168 456
2552B8 2320 998
484C08 1072 667
C759B8 22790 15369
EA93F0 6741 3748
1C8DB0 288 212
7BBD30 92 41
635B00 4000 347
1D2328 288 250
2531B0 2320 695
4DE008 2320 811
1BFA78 288 187
56DED8 528 172
E1B798 28392 15547
1BD800 288 218
A2B250 5372 5120
1CF998 288 258
1CCBE8 288 216
4CADB8 17296 11247
6F6C50 4240 301
5DA340 640 578
D2D820 1740 1515
82EE78 16602 14019
B495B0 23276 21789
1CE2E8 288 225
5DB3B8 56 48
635988 1820 228
37E140 2320 1107
598860 880 183
29D210 2320 966
CFE8C8 4476 2464
635A70 1384 143
638478 3432 705
62CCE8 5208 610
4E2A20 1488 335
A4A840 816 553
1D11F0 288 200
1BFC10 288 174
675250 3372 491
807DE8 1176 645
625B20 620 102
21A960 7504 2033
4A4CB8 3472 986
EA2D40 2612 1982
E9B208 712 664
4B2B68 1552 61
619A68 512 88
665D18 16540 4249
3C3D70 784 172
E81140 2264 1769
7B94A0 916 382
3139B0 41488 26969
231360 14096 4698
D67B58 7304 3635
1C0E20 288 256
2F1258 1168 709
32C9A0 2320 901
6294A8 4364 534
5B7980 76816 25182
6CF4E8 2920 683
734F88 4320 1048
6BE9A8 7120 1669
1CF7F8 288 177
E8CB20 1576 693
5E61B8 1920 686
7B98A0 204 44
253A10 2320 621
1C91B0 288 210
1C6770 288 270
4E21B0 592 370
42F158 29968 2763
7BC408 148 49
629E88 4364 615
74DB70 2092 1010
6225B0 512 334
1D7D00 288 195
E28868 2872 512
631E10 5208 849
47FC98 368 287
E4ED20 1720 871
5375E0 20752 7621
21B940 7504 2058
635C60 1384 141
93B1F8 1352 1300
5E20B0 1936 940
6D0938 3620 1168
1CA150 288 260
5F3E28 880 872
1C3898 288 258
265810 8368 3023
2BA4D0 720 86
1BE2D8 288 219
4A2898 784 236
EB1B68 215 170
745998 2220 504
56E708 144 121
2BCE58 20752 3698
D191A8 5998 5176
65A618 9768 1597
2C82D0 2320 907
54D130 640 341
DA7A98 8936 3580
2BAB68 208 116
2A98A8 272 136
E02390 37288 20049
5DDA10 3088 163
27F0C0 2032 1501
D7DF60 5912 3374
6AE6D8 9920 2604
E8C0C0 5392 2650
1C2DB8 288 218
5FF748 880 743
1C8240 288 246
5D7040 896 576
7F0538 1900 591
2EA7A8 31120 10223
4E9770 528 62
B31F78 10180 8732
59EBF8 1296 564
23FC48 2064 947
AC6758 2220 820
5E9380 1040 521
22D0C8 144 38
4A68C0 528 103
2112D8 304 217
3B2C68 3376 1312
C8A7C8 23638 22116
A2F448 1620 1564
1BD618 288 238
668AD8 2120 522
52E1B0 2320 1581
EC0358 66 39
1E1F30 2064 545
1C29C0 288 275
6A14C8 3620 516
525B10 976 386
6042C8 208 163
4176C0 4336 550
2C4C10 16144 6897
A94B80 11268 10661
23F600 2064 749
519C40 240 84
668D58 1020 105
1C17F0 288 249
1C1500 288 234
1D2DB0 288 206
9AA248 2424 2391
EB57C8 268 115
495A88 272 159
71CDC0 6420 1755
DA2E10 16200 7900
6594A0 1264 232
E4C878 1448 757
A5B548 1888 1406
7B9238 1952 615
7986F8 688 136
62C260 6896 914
382C28 1424 411
677C08 8520 2994
7CBA70 396 76
1CDA90 288 227
75F6B8 20832 2067
74BF28 636 256
7A3878 20112 2620
249738 7184 2209
633160 948 102
205558 656 345
212B68 9232 1065
4824A8 896 569
4F7070 1792 779
3666A0 336 70
9A8998 816 553
2A7198 2320 814
71D4A0 25320 10789
ABB288 4444 4336
4DC0B8 3184 413
4A2760 1552 311
DFE920 28688 14957
757888 40944 8312
1C9128 288 132
5F9138 880 755
519A28 1360 472
D99F58 2984 1693
239C98 1840 1028
601390 304 239
5C3E28 76816 26236
733B90 2220 545
48A6D0 1424 854
5E87A0 9376 835
5B0670 76816 26024
74A400 2420 617
7B2050 420 108
6CABC8 3620 1340
1D03D0 288 237
D64A28 2808 1392
8FE460 1084 781
5FE0F8 880 718
2AD950 2320 713
551890 496 174
B78790 22506 17303
1D7940 288 189
7BA4B8 1156 54
2E0220 3472 1347
211670 400 242
24A158 144 87
68ABF0 8400 541
799088 7488 1088
6DB140 6420 2429
1D04C0 288 194
6F8D60 13420 6655
668A40 168 47
E4CB70 3480 1093
90E030 16162 14847
A8C638 7784 7536
3C5E48 1168 1158
E960F0 27016 11941
54ED98 592 194
8C1338 12262 6263
1C9E78 288 214
669600 3620 615
4955C0 912 295
1D7B80 288 185
6BD618 12720 3417
5FBE18 880 813
48B280 1040 123
1CD700 288 181
E803A8 4824 3478
6609A8 4068 884
56E9D8 144 126
8D06C8 224 140
7A42B8 27056 4610
211198 400 315
1CCCC0 288 275
3CA4C0 1168 715
25A200 18448 2889
8AD808 1620 1584
5FD338 880 797
23D1B8 7504 7120
252570 2320 778
5D5990 1040 418
2F2CA0 12688 2573
5705D8 9808 6859
239960 112 98
7D5BB8 3020 1082
2E1890 1168 81
487860 1952 1138
599878 7792 629
227188 7504 1380
1C9960 288 244
7BBBC8 16396 232
67C0E8 5020 1377
48AA28 1776 923
77CCE0 34000 6315
4231F8 528 222
22CD08 592 540
2D2858 9808 4783
E7DE78 7688 1929
900DD0 6364 6267
480840 1248 477
32BD70 2320 899
4A74D0 528 226
272FA8 2320 2099
1D6C18 288 178
659F40 892 711
9B1378 23258 21709
914648 6364 5986
2FB8B0 2320 63
56D4F8 656 371
7D7C10 532 497
EB3AD0 3092 984
9DC618 1242 782
807630 1176 645
630760 11116 1129
1C5548 288 257
7B7758 1140 151
7B6A80 6100 442
214648 2320 2140
7201E0 28820 9552
2ADC20 2320 618
7BC3B8 148 73
604D08 880 854
7DBC20 18408 13400
6ED538 5720 879
5214D0 1040 581
633DB0 1820 221
22C638 1040 1018
25FAE8 1168 804
7BC368 148 77
61E870 512 433
1CC8B0 288 202
677668 4320 1435
1E49B0 2064 1108
525C98 256 85
366DA8 2320 992
E77790 7904 3996
D29230 5582 5290
381D60 912 491
5AA9C8 1168 514
38FD30 2320 417
2034B8 3376 900
554780 592 228
EA5FF0 456 296
2AC4B0 528 413
4DE3D8 144 44
8A93D0 18128 17459
4E99E8 144 73
7BA300 3284 437
50D2D0 19216 11735
6079A8 304 207
D02810 3188 2338
5CA4A8 76816 23980
4A4128 528 313
7B4168 1420 408
5209F0 2320 880
3A93D0 2832 1855
47EF68 1248 549
24EB48 2320 524
6DC710 13420 3799
2ACD98 528 262
702A68 6420 2562
422CC8 528 274
6BD118 5020 1278
250200 2320 866
D7B410 1496 1366
EBF888 963 87
1D1930 288 254
94F738 2692 2154
5DDDE0 1936 711
1D7798 288 248
1BCE38 288 146
73DAC0 31620 3168
7CB768 168 62
D89F18 11248 6576
6AE1E8 2920 964
23B498 5056 978
6AB9C0 1520 477
1D3360 288 271
1D02D0 288 251
5F7770 208 186
8CC5D8 536 518
223840 10960 3404
363060 2320 1711
7BC7C8 9940 4088
1E2B80 2064 959
7B5780 2560 386
D97338 21624 9304
1C7E48 288 268
48C1C8 2064 935
2556A0 2320 840
8C5A08 13430 11599
2172B0 2320 1867
2AE0F8 2320 573
1BDC30 288 233
5812C8 13840 13683
61B678 512 459
258D88 7504 3927
773A58 41528 6740
1CA900 288 228
25E2F0 2192 1297
320638 528 117
1C6C68 288 280
1BE928 288 225
477860 5200 3148
A5D078 3018 2100
6B0EA8 6420 2122
786990 50492 7384
1CFC90 288 250
47DD78 896 471
33E708 784 351
2AA068 2320 564
259CE0 528 144
61EB28 512 413
366478 336 114
5D7950 1600 1041
2A6568 2320 891
1CE108 288 260
31F930 400 133
89D4B8 2524 2390
7B2F90 4020 1140
84BDA0 4444 4385
74F5A8 1260 488
88FF68 6456 6007
71FEC8 5020 787
75EDE0 16056 2259
5DD028 2320 75
8CF7D0 480 360
6A90C0 14120 4845
4DD2F8 3184 1133
5F4BD8 880 833
6F7628 1520 196
EB1528 120 76
56A2C0 2704 744
669110 5020 874
6017A8 880 807
CC1248 27034 20014
1C9028 288 250
53F4D8 29968 5709
637F18 9548 534
39F4C8 1168 757
1FEBD0 14096 3846
1BDA58 288 231
353A70 41488 27516
6F1060 2220 545
929558 5084 4208
7C1D38 6184 2514
608450 112 92
E7E608 7176 1810
1C7758 288 223
CE6010 27034 24914
554460 848 356
38BCD0 784 178
8FA658 16628 7795
693388 12980 517
EBF798 108 80
EA2748 423 411
A5BAC8 1888 1629
3F6258 3472 1520
2A3E18 1168 1031
5D3598 1040 119
1BC560 288 143
4B0BD8 1936 1208
2FCFE0 2320 1369
6577D0 7828 350
4CE488 2064 443
3FE6E8 2256 570
261E68 5200 4024
E7D300 760 265
272090 2320 2068
6589F0 2988 176
6350F8 5308 398
1BF4C8 288 175
D01070 5212 3357
9A9250 2156 1551
6CB6E0 7820 2292
427090 656 177
380FB8 2128 778
3D79D0 2192 1472
2997B0 2320 1548
1BB748 288 97
4F4E30 2704 1024
D8DE90 2984 1684
798780 688 120
659670 892 141
E9EE00 2142 1316
EB5A60 605 285
3E4F10 592 145
68A6F8 4320 974
7CC420 396 93
4B9970 4624 2949
6006F0 880 786
1BD358 288 236
6CCE48 3620 1032
1C4328 288 183
25F810 1168 726
56E958 144 126
2B5B08 2704 183
72B070 40020 7058
56E4A0 256 102
B43350 27460 25178
1C9A58 288 219
7BD7C0 11404 2819
63BD80 4320 1718
679208 7820 1615
682558 4320 1553
70E228 9920 2011
606728 880 737
E46A50 2200 1518
1E6F38 224 146
69E1E0 3620 903
4EC460 176 94
E6A6E0 1272 221
648A30 7120 953
9E7B08 8052 3598
238AC8 7504 3315
21D5B8 4624 1141
4956E8 912 327
4959F0 272 152
1C18F0 288 270
692610 5020 1035
680BB8 5720 1554
EBFC90 648 61
3FC288 3472 1935
7BC250 148 66
512938 1552 577
1CE988 288 224
1D4BA0 288 190
695720 7120 3035
59C700 4336 1863
1D0C38 288 234
E43BA8 2216 425
605520 880 744
39F9B0 784 310
487CD8 1952 1166
1D4C60 288 261
AD3650 1084 790
638B40 4152 205
74DF68 1468 614
EA0170 508 143
66E810 6420 2458
668FD8 1520 309
EA0E28 2138 1846
320530 80 52
E53148 2592 1905
392318 20752 8709
D380C8 6028 5163
6F4760 8520 722
9DE940 816 509
605228 880 756
4894B8 1952 1342
D51FD0 13048 6974
69D200 10620 2176
1BCF80 288 171
65FA40 324 69
5546B8 592 199
601098 880 760
5F99F0 880 692
E28A68 2232 159
217A00 2320 835
1C7680 288 212
D428E8 16704 8851
1BE108 288 240
488968 1776 766
70EA08 19020 7952
72FE30 11320 4380
37D938 2320 1179
EB5DE8 179 154
D66058 552 373
6C32C8 22520 5222
4A30D8 528 187
E9A078 1399 1234
5DB0C8 592 144
4954D8 496 225
624770 512 312
E62EB0 4952 1708
1D6420 288 257
241D28 2320 1018
4EC2C8 144 57
24ACB8 2320 987
6B1CF8 7120 2964
7B6350 7280 876
4F9E78 1072 403
B8FB28 34958 32589
807120 1176 645
38BE50 20752 7487
EBFFF8 114 112
5DAEE8 192 81
4F5CB0 2992 1014
E4F088 824 630
63ADB8 4736 796
D279A8 1740 1374
57B870 18160 14283
5F7B50 880 802
88D298 7644 7500
51E028 2320 1185
56E240 736 340
E9A758 1364 1162
509950 9232 5423
7CBAF8 3644 593
4C5EE0 2192 1957
260FA0 880 52
7438A8 21628 8185
23EF48 2064 420
7FE7E8 2912 1566
5B0070 208 121
4E0030 1168 992
D6E2A0 536 246
66C5B0 12020 3584
6038C8 880 481
631110 6896 1150
D00898 3004 2007
675440 5020 2133
679080 4320 387
6FDB68 8520 1611
24E058 2320 420
4F8050 2320 777
7FA598 11168 7829
5EA0F8 1040 577
1CF8B0 288 232
807AA0 1516 834
6248A8 512 273
1E3C88 2064 505
1D0D28 288 201
367BF0 2320 694
D945D8 2984 1674
21C918 29968 2646
D265C8 2644 2341
705A08 5720 362
598338 528 223
58B040 80 43
2A74C8 2320 854
67F550 9220 3512
1C4228 288 249
643358 14120 4119
E43538 2680 1643
639018 10248 711
363710 2320 1723
6C0C78 7484 283
5DE868 1936 715
54BFD0 4048 1118
668AA8 168 48
659AD8 520 202
5FE678 880 682
A3D580 2424 1631
3E4FA8 5200 3051
39F7C0 784 205
D9BDE0 2680 1443
EB1578 120 76
1DD858 144 119
EA4C30 1763 433
D8B8C8 11712 6465
325170 12688 4096
29F1E0 2320 1046
5E8AE8 8336 751
817DE8 1176 758
5DADF0 192 84
EBFB68 156 95
2D5160 29968 12880
8BC908 1144 884
25F2C8 1168 737
1C8430 288 257
5DB038 192 86
387958 20752 5556
1BC9F8 288 187
5DAD60 192 87
1C5078 288 211
EAC5F0 4041 2717
5D64A8 7184 187
24E550 2320 829
663540 1920 158
25ED08 288 273
739590 14080 2426
5E9590 1040 541
6564B0 1052 64
DEA178 64256 34880
608AE0 880 646
7BC770 148 40
1C4788 288 151
4EF0B0 20752 3658
844AB0 2892 1703
707100 19020 2074
2AD6B8 2320 661
33F750 528 192
E18F20 6784 2822
239C28 144 59
1C1410 288 240
DF29B8 37992 20470
2A1468 15376 1740
37EA48 2320 1272
893B78 7004 6466
1D6DA8 288 257
2A7820 2320 1043
74B6D0 2040 804
3E2B60 2816 2559
2F3968 144 52
AB65A0 7378 5920
1CA428 288 275
483138 896 605
2265C8 7504 737
6E6C18 8520 4030
D6E398 408 143
1C23C8 288 215
377BB8 144 38
6299C0 8584 540
D044E0 5084 3569
682B70 10620 3132
23A0A0 1840 1043
D0FD90 4126 1762
4E2100 96 68
6340D0 8796 1090
7CFE58 4440 282
7B9930 4880 538
D95EB8 2680 1434
3649A0 1296 672
6F1288 2040 213
607628 256 188
5D2BB8 2064 1140
365078 1168 564
A5FBC0 2692 2002
B27008 4028 3243
A11248 2960 2844
E34A28 1208 521
9A9860 1544 1536
D312F0 4904 4584
3E4BE8 1168 802
EB5F60 2199 570
EAA298 3657 2515
1E2F40 2064 1045
1BC5F0 288 224
D2A6E0 1740 1512
24FD80 2320 1145
4DC258 3184 475
E9ABE8 926 848
1BF8A8 288 228
7F7390 2556 2017
2DE1F0 2320 1357
1E1A20 2064 1293
7994C8 3368 249
5DAF40 192 83
916E80 7004 2978
6259D8 688 118
E6C9C0 18704 9167
EA1628 1040 681
391718 592 551
4C6E78 3376 2562
EC0508 636 73
65CED8 10372 1191
657BF8 3472 405
EBFCD0 1500 456
1E6200 2064 1520
5E5BE0 1040 686
480F48 1424 573
7D4138 4616 1666
EBEF88 1840 1584
251BF0 2320 956
B24800 11562 10244
229B40 7504 1512
5D4F98 1600 665
54F2D8 4240 1121
2FC9D0 2320 1547
5921B0 76816 24535
3BE550 1456 744
7D2F68 3120 1457
3B0148 1552 649
23CF40 896 629
8CBB40 690 503
685C40 2220 591
4F8AC8 2320 558
3D9298 2064 1091
2654C0 5536 579
6300A0 4364 325
74A740 6420 1003
636788 948 93
B97A78 51938 48436
381B90 912 464
AC40F8 816 503
228180 7504 1096
5D6D10 1072 809
250830 2320 599
8BD320 6186 2213
203840 656 498
5D7280 1072 662
E81830 21896 10980
5EA808 1040 555
4EC790 2416 1015
65A208 644 126
6D6C30 9220 2596
4C6688 2192 2027
1C3D18 288 261
4F5230 3264 953
CF8B10 19110 16759
253080 528 304
7CBA38 244 49
68DDE0 12720 3264
1BC2C8 288 192
24C2F8 3472 939
EA0578 1611 318
A5E188 7004 6706
832DC0 2502 2154
75B348 4116 447
1E5788 2064 1235
511148 1232 1009
E4D438 2360 1141
81CD98 1176 644
6CDFB0 5720 1639
880888 14446 13011
8708E8 26364 23126
6E2008 12720 2985
A97528 13412 7903
1D8B08 288 259
735DD0 12020 3881
634BC0 8360 1332
1C6D80 288 267
365A40 1552 176
1CC240 288 258
53B560 2320 945
D0ABF8 2204 1231
E7D708 7048 1904
EB94C0 2132 1995
54EBE8 592 228
6256D0 3432 445
20E5B0 13568 4422
656C30 11580 1885
5DAF98 192 74
9E8918 55782 40023
4A7288 528 223
3FCBD8 1424 490
39EA78 1552 712
4859A0 720 518
598188 528 183
A11048 816 507
8DAB28 14992 14736
74C028 1000 373
7B9128 1140 268
E56638 3256 781
3BFDC0 20752 5566
6D7C60 23220 5511
7BF8A0 3704 481
D7C640 5408 2457
AC64C0 1588 664
5E2460 1936 1144
1DE038 1040 864
7CC3A8 920 120
89A4D0 6364 5250
6378B0 1208 50
6CFAC8 9220 2093
2FE190 272 142
5D7D68 1600 1087
9E00F0 42006 24936
1C5BE8 288 241
633038 4872 293
650B08 17620 5803
2C97D8 2320 1534
3478D0 41488 24828
4821F0 896 696
3F5CA0 592 290
93AEE8 1084 778
484090 544 358
8CCB28 998 775
24A240 144 54
D9B7F0 2712 1518
D4E388 1048 436
660018 3340 463
1BE870 288 184
33FB50 528 203
8FC4D0 816 541
EB1618 168 146
8F89C0 4972 2786
E8A818 6568 2979
601480 880 801
1CF340 288 103
7C19C8 2096 874
235178 1040 1012
6331C8 1384 113
24F680 2320 821
9A7440 3496 3368
397950 2320 1186
3827C8 1424 601
4C4F98 224 158
8F5698 8446 6440
3FEB20 41488 26410
75C078 4116 842
5D60D0 208 195
8A0F00 5724 5278
1C5E68 288 274
E6FE08 3760 2145
7BBEE8 1360 343
8158D8 6276 4315
811288 6276 5832
1BF050 288 209
EBFBC8 180 100
5E5530 1040 547
B36110 10876 10160
383680 1424 804
6028C8 880 721
7B1508 7876 1317
2A7C38 2320 1245
630428 1832 297
482C20 896 645
1CD5E8 288 275
2AC7F8 528 356
1C2BD0 288 241
5D6268 208 158
732458 5720 2090
750108 1572 661
6003D8 880 787
8D0758 288 179
CEF828 13450 11129
248E78 7184 2233
74BD48 1208 476
5FB520 880 499
4882F8 1776 1079
6688B8 620 71
3FCDC8 720 449
365DA0 400 273
5DD178 1936 724
2F1818 31120 5254
A3B038 8052 8021
8CFAC8 288 180
4E2668 6416 950
323770 1616 913
5E4A68 1936 599
4ED658 4816 4226
7BF638 168 67
A278A8 9124 8561
EB7A38 894 787
525F80 80 54
5F82D0 880 828
EBBDF0 442 370
2EA708 208 57
66BBD8 1520 356
7AD998 12432 1190
3205A0 144 58
1C6430 288 187
54EAE8 592 252
52F7E0 2320 1239
380968 5776 1612
397138 2320 1145
1CDF10 288 266
1C5AE8 288 251
709048 1780 97
7BF5F0 168 71
59C1E8 3472 1303
84A2F8 7004 6823
405870 17296 14536
9A1588 3496 3386
2E3858 2320 571
56BE20 528 183
24F0D8 528 226
47DF50 1776 1115
5588D0 1296 671
4A3830 912 631
6B5620 2220 408
5E8DD8 2192 284
632FD8 948 91
56D3C8 496 299
279FA0 1168 930
5E3360 1936 682
99DB10 3712 2645
48B300 528 374
394E68 2320 1062
2FE220 2832 1356
1BB698 288 169
E50360 1320 1137
727730 19020 7970
673720 20420 4004
525FB8 80 54
24C6A8 2064 355
5FBAE0 880 821
384D58 20752 5524
DA4CF0 1456 755
2814B0 41488 17952
1D83E0 288 170
7BBD60 92 41
C894A0 1716 1602
798880 23584 1792
56A5A8 8208 5416
6356A8 2692 316
24C218 272 221
8CFEE8 480 353
2ADE90 2320 613
8D6168 840 564
5F3350 2064 1013
1DDBC8 528 68
1BD0F8 288 180
638C10 10756 179
6A84B8 4320 817
5DB1F8 56 46
EC0380 78 47
1BBD60 288 148
203A38 656 540
38DB90 2704 1425
633560 5744 978
E8BF10 920 430
6632D8 5412 297
1BD708 288 247
74CF20 1676 716
22B418 7504 4634
EBBF68 678 545
4A5988 1168 701
7CC280 1140 136
4A6050 528 181
507EB8 9232 6808
60BB38 2064 1407
7B6C40 6100 420
CFD300 4660 2165
5E28D8 1936 1009
55CF88 59920 26197
1D0A58 288 252
7D5920 2620 568
4A32C8 144 69
8D02F8 480 406
7CCFC0 3704 2270
77C518 15260 1986
42E5D8 29968 2939
5D1128 2064 1379
676F10 5020 1874
5D8CE8 1552 765
2DF230 10096 2818
1C4030 288 224
1BBE68 288 181
83EE60 5814 3519
D9B158 2984 1687
A2E8D0 1620 1306
58AE58 528 100
54F740 4240 1137
D1F5A8 562 473
E7FFF8 1240 942
33FD80 528 209
4574B8 20752 6567
66BD40 6420 2160
D6E968 1208 482
A4AC98 32776 24422
3D7F90 3280 1528
41D718 29968 1493
396190 2320 708
D4E540 19000 8257
1C6340 288 239
2AC960 528 386
EC0558 168 73
62B588 10272 1500
3C1380 20752 5514
E9DEA0 538 515
806CF8 1896 1061
239AA8 112 84
EB64C0 180 132
5DD078 144 86
7CC028 1004 93
63CA28 14820 2790
258158 7504 3120
69EC08 1520 411
B7CB28 29298 25684
E9CFE8 1855 1579
DA6888 2904 1275
5E3FF0 1936 574
25EE20 288 190
48CC08 384 370
59E810 2512 997
7987F8 688 131
B19BC8 54202 44081
A739F0 4872 3583
6A0D28 1520 134
62A978 5208 611
4DEE30 2064 492
2A1B38 20752 8139
998D90 6364 4740
DBC6B8 79496 39239
6637F0 272 52
1D12B8 288 245
3233F8 1296 884
58B010 80 43
3674E8 2320 862
D45718 350 169
6EAE68 20420 9930
8F8190 2906 2093
3C3F80 784 180
1D29F0 288 254
EBD8B0 406 359
47F9B8 1072 733
5810B0 96 55
6BAD60 19720 5105
5E3C68 1936 901
41DCF0 29968 2902
8D4758 5400 2942
1BC6D0 288 180
525EE0 528 154
7AFDA8 3368 515
676588 2220 385
E8B6C8 1752 785
5E2F70 1936 1007
3C62D0 1168 1059
5DEF18 1936 724
9ABC28 1084 850
CD98F8 28166 24595
2CD200 7504 6832
D1D6C0 1550 888
E62DB0 760 250
E0C038 5624 3326
4A1618 1552 1196
4866E0 1072 667
1D4078 288 273
44C018 20752 7054
80B418 1176 644
ADC0E0 30430 28503
5D39F0 1584 1288
5FDAD0 880 852
6C1838 17560 562
37B8F8 16144 6461
33B640 7792 3931
1C6240 288 254
7CC630 220 47
99D208 4032 2305
483D58 720 376
2199C0 7504 1970
4A2988 912 342
6D3958 4320 1232
EB24C0 4047 1618
2F52B0 976 135
1DD360 784 472
1D7640 288 144
E3C630 2408 2398
D9ECC8 15464 5722
3C4580 5136 1854
8E2B88 466 439
1C46D0 288 177
31F840 1936 236
99C318 1084 736
483398 896 664
1C7F58 288 272
3E1D68 6672 3571
1D0588 288 267
E8A238 2568 1501
7B3408 5420 1478
2D3B08 3536 1744
4F3E10 3088 1056
2056B8 1920 1061
265708 944 259
EBF758 108 58
6C1478 6420 954
6D3E28 14120 4235
3FD8B0 2576 843
EB5CD0 424 277
275D28 368 269
2FBDD0 2320 1526
852078 7004 6384
A180C8 1084 719
7D6938 532 64
630BD0 10272 1340
525630 3328 1243
6524E8 5020 1368
56C0D8 16016 1146
31F188 1936 420
5DAE90 192 84
24C810 31120 5056
64DDE8 4320 957
A3A668 3164 2512
76B440 16640 3663
1D7590 288 169
2433A0 2320 1415
5A3650 76816 28391
6381B0 3432 710
5EBD28 2064 864
363DD0 2320 1411
521138 400 134
229590 7504 1455
899588 4444 3911
4DF448 1168 1000
7C5D50 3264 1241
5AF4B0 4624 2438
2450F0 2320 1648
6F4260 4320 819
657418 1916 129
E9B948 1550 1228
253E88 2320 798
74F3D0 1260 466
2ED598 29968 15548
45EAE0 20752 7842
EA64C0 460 116
E18420 696 198
1BBFD0 288 137
7D4FB0 3120 697
7CB080 3264 1764
2E3E68 2320 803
259D70 528 226
5D55D0 1040 421
EAD3A0 6498 3649
2042B8 656 547
6F4E58 1520 377
1C5DE0 288 133
2F3B68 7056 839
4C5930 2064 1453
659DD8 892 353
D0F840 2204 1358
E40918 17288 11295
7B8280 12432 3750
7FC430 11214 9142
ABF7A8 11536 5599
8B67E8 2156 2074
C81C60 2298 1690
8BCC80 1144 887
730F50 12720 5384
2AC318 528 407
56D290 656 307
8D0218 352 221
E2A280 3872 2264
39ED40 1552 509
686308 9920 3681
1BCC60 288 223
484310 2480 1702
1CF268 288 213
1CF3A8 288 138
65D5C8 1312 275
31C668 11248 6804
2A9A28 784 220
5F4890 880 834
8D63A0 5088 2702
DCFCA0 38360 19953
660DC8 7120 4662
2E36A0 2320 436
663440 4680 165
6C0758 2920 601
EBA990 945 730
8CFB80 288 230
1BFCC0 288 203
480A20 896 608
1D8F10 288 238
1D9000 144 59
259E58 528 293
8C3FC8 8758 6720
483ED0 720 442
7AB408 26188 5551
7B26D8 2920 779
1D3778 288 243
1BF2D0 288 169
9B7CB8 2524 1755
C49EC0 44014 41535
7D6B00 5092 3109
60B038 2064 1459
4F8CF8 2320 577
1C7C60 288 242
1C15F0 288 267
E6C678 920 834
1CF700 288 242
8054B0 7942 6214
9BE490 22360 15386
ABC378 7248 6501
4A43A0 1552 1241
3E4060 1168 864
60B5F0 2064 1351
D94C68 2712 1497
6592E8 2020 211
2ED288 2256 781
7D6AA0 1000 95
2F4AD0 5200 1243
6C6BC0 30240 1926
1BC1F8 288 201
6F0C70 19900 1003
A61340 1352 515
E23028 2168 1348
326EA8 12688 4102
3D64F8 4624 4442
4784B0 41488 22257
8B7888 18756 7865
53C548 2320 947
250FB8 2320 949
608DB8 880 722
3AECE8 2064 231
A785D0 2692 2065
916408 2524 1526
3E47C0 1168 1057
7B9F30 5944 969
1C8AF0 288 171
64BFA0 9220 2999
1CA318 288 266
6328D0 1384 116
65F938 420 57
E28BA8 728 300
7FF560 3484 1824
5EDEB8 2064 1424
842FD0 8280 5546
EC06E0 66 40
D250F8 3774 3426
AC6A90 62312 51491
5F8BB0 880 703
6A4130 6420 1240
3614D8 2320 1450
3823D0 912 556
340378 8976 199
4A3028 528 170
234D78 1040 1023
2FC3C8 2320 1538
39F110 5776 948
6276F0 11116 1455
A7E428 4032 3917
D145A8 1280 909
BCEB98 12740 9859
625968 688 109
7D6158 532 248
2B0328 20752 8398
6B57B8 15520 6355
7BB818 2192 331
8E2780 1356 1030
602328 880 706
6367E8 948 113
2276F0 7504 1327
C995B8 10054 6869
7CB9F0 320 65
5D9CD8 528 150
8CFA30 224 151
7996E0 3368 274
EB2128 214 158
8E26A0 320 218
D7D5D8 7312 2437
7CFA30 4924 1057
7CC6A0 5160 2334
5F29B8 160 111
7CB960 272 141
4BA4F8 61456 20140
53B1F8 2320 870
E119C8 17560 9944
6CA988 2220 573
7D6750 220 47
2BCC08 784 305
5F6D28 880 872
9FCC58 102142 72718
409138 2704 1421
D7F168 20944 15531
DA9910 1112 927
1BCAB8 288 202
56E398 528 68
1D3F70 288 258
4C4E50 224 159
D96458 1512 769
1CC448 288 242
53E1F0 4624 1066
32D800 2320 1455
3400B8 976 414
693B68 12020 3258
7C6230 1804 861
53CBF0 2320 643
BB2280 37222 35187
54BBB0 4048 1051
1CBE90 288 219
1BB280 288 26
6296C0 4364 583
1D2AF0 288 232
9A22C8 3228 2512
5F5C58 880 818
7F0788 3868 3049
1BEEC8 288 201
573B78 9808 4001
9464B0 2156 2094
1C8538 288 239
48BD88 144 133
CCE808 19110 18169
A99408 14484 12589
EBF700 108 82
24BAF0 2320 942
B353F0 3780 3357
659240 1536 161
2F3EB0 784 471
1C6168 288 210
657390 1916 129
67C990 9220 3149
38F1F0 2320 1048
1C0128 288 220
600D18 208 130
1CE450 288 180
922588 5084 2623
5FC480 208 141
1D60A0 288 203
56E0A0 528 413
668CE8 1020 106
8F7BB8 1578 1491
7B4120 220 66
320758 1040 179
EB16E0 1336 1155
5DA278 528 110
66D7C0 7120 666
D9C388 23592 10557
4874A8 1776 949
70B5E8 6184 478
1DFC88 6160 2414
5AABD0 1168 524
658820 2504 135
653060 21120 4130
654F58 5720 1577
CF23A8 34958 26471
6F1AE0 11196 2135
9817B8 12124 11771
989490 75234 55401
80B228 836 489
72CC08 29520 11097
46E1A8 56336 32268
5AED70 2064 747
2536F8 2320 786
1C0650 288 274
1C66D8 288 148
24A208 144 50
6025F0 880 728
2F4088 5200 2630
D10478 6638 1413
33FE58 976 604
3F5010 1168 1043
1D82F0 288 237
76C290 21848 5355
619378 512 108
484EA8 720 464
4F7D20 2320 815
2F68A0 2320 914
83DE68 6490 4082
5FE928 880 763
1CFBB0 288 224
5807D8 3280 2045
2A4220 1168 941
6FFDF0 17620 6486
255D40 2320 312
1F29D8 29968 12007
EA1560 204 94
224590 10960 3489
536808 2320 1222
32C0F8 2320 844
364358 2320 1392
56BCD0 240 143
6F74A0 2920 390
62A728 8584 586
1C3320 288 211
57B7F0 144 123
6A6BC8 12020 2731
217D48 29968 3387
37EF40 2320 1215
C88E60 1900 1598
2E6C40 7792 2963
5D7518 1600 1073
3AFC70 1552 633
5B0560 112 87
D3AA18 7294 6681
75BD50 7300 803
8FEE38 8284 8082
2ACFB0 2320 501
EBC610 1280 810
488C68 896 669
7D06E0 2100 228
7AF140 6252 1337
3817C0 912 467
423410 528 302
25C928 4240 261
1CB118 288 264
EA5B38 426 396
9E6258 2692 1895
943EE0 3618 3603
25EB68 288 188
364C40 5200 1077
C6A1B8 47410 42965
5E4598 1936 711
52CF20 528 177
D60C70 25952 13093
7CC1C0 920 186
659478 272 37
D2C620 3096 3085
242590 2320 1080
99AF60 2692 2316
1D3870 288 270
680308 5720 2224
8D0810 5096 4741
6593C0 396 86
2B9FB0 144 38
7B4EE0 1220 80
7B4F30 2560 271
A2D790 2960 2790
5F2CD0 160 119
C66090 17978 16673
EBFA90 138 93
AB7CC0 10732 8777
263EF0 1296 984
5B02F8 112 77
2CB6B8 5488 2625
638740 5100 197
65FED0 176 48
620AC8 512 473
A2FA68 4568 3903
A898D0 11804 11617
6C5C50 25320 3946
340AF0 1168 589
1D5790 288 192
EBFC30 180 89
56DCA8 720 302
251FB0 2320 807
8CF6A8 480 292
5F4190 144 94
1D7ED8 288 277
E0DD40 9024 4287
1DA600 144 38
7B9C18 4880 785
D6ACA0 4072 1923
E6ED90 2584 1008
391EE8 2896 1072
2B9ED8 2064 213
1C1218 288 274
1C5CE0 288 251
2F1520 1168 754
EBC278 136 110